<?xml version="1.0"?>
<MethodSetup Method="Likelihood::LikelihoodD">
  <GeneralInfo>
    <Info name="TMVA Release" value="4.0.4 [262148]"/>
    <Info name="ROOT Release" value="5.27/03 [334595]"/>
    <Info name="Creator" value="andrea"/>
    <Info name="Date" value="Fri Sep  3 09:13:01 2010"/>
    <Info name="Host" value="Linux andrea-laptop 2.6.32-21-generic #32-Ubuntu SMP Fri Apr 16 08:10:02 UTC 2010 i686 GNU/Linux"/>
    <Info name="Dir" value="/home/andrea/Cern/Code/VBF/qqHWW/AnalysisPackage_qqHWWlnulnu"/>
    <Info name="Training events" value="62908"/>
    <Info name="TrainingTime" value="0.847927"/>
    <Info name="AnalysisType" value="Classification"/>
  </GeneralInfo>
  <Options>
    <Option name="V" modified="Yes">False</Option>
    <Option name="VerbosityLevel" modified="No">Default</Option>
    <Option name="VarTransform" modified="Yes">Decorrelate</Option>
    <Option name="H" modified="Yes">False</Option>
    <Option name="CreateMVAPdfs" modified="No">False</Option>
    <Option name="IgnoreNegWeightsInTraining" modified="No">False</Option>
    <Option name="TransformOutput" modified="Yes">False</Option>
  </Options>
  <Variables NVar="7">
    <Variable VarIndex="0" Expression="pT_RECO_q1" Label="pT_RECO_q1" Title="pT_RECO_q1" Unit="" Internal="pT_RECO_q1" Type="D" Min="29.9252" Max="769.285"/>
    <Variable VarIndex="1" Expression="pT_RECO_q2" Label="pT_RECO_q2" Title="pT_RECO_q2" Unit="" Internal="pT_RECO_q2" Type="D" Min="28.8692" Max="667.267"/>
    <Variable VarIndex="2" Expression="eta_RECO_q1" Label="eta_RECO_q1" Title="eta_RECO_q1" Unit="" Internal="eta_RECO_q1" Type="D" Min="-4.51476" Max="4.66291"/>
    <Variable VarIndex="3" Expression="eta_RECO_q2" Label="eta_RECO_q2" Title="eta_RECO_q2" Unit="" Internal="eta_RECO_q2" Type="D" Min="-4.91178" Max="4.83302"/>
    <Variable VarIndex="4" Expression="eta_RECO_q1_eta_RECO_q2" Label="eta_RECO_q1_eta_RECO_q2" Title="eta_RECO_q1_eta_RECO_q2" Unit="" Internal="eta_RECO_q1_eta_RECO_q2" Type="D" Min="-17.8746" Max="14.4049"/>
    <Variable VarIndex="5" Expression="Deta_RECO_q12" Label="Deta_RECO_q12" Title="Deta_RECO_q12" Unit="" Internal="Deta_RECO_q12" Type="D" Min="2.11e-05" Max="8.5141"/>
    <Variable VarIndex="6" Expression="Mjj" Label="Mjj" Title="Mjj" Unit="" Internal="Mjj" Type="D" Min="21.694" Max="4192.5"/>
  </Variables>
  <Spectators NSpec="0"/>
  <Transformations NTransformations="1">
    <Transform Name="Decorrelation">
      <Matrix Rows="7" Columns="7">
        0.0191002 -0.00614076 -0.000183405 6.28533e-05 -0.00641331 0.00557886 -0.000593558 -0.00614076 0.0448689 -0.000128864 -0.000401519 -0.0090225 0.0140175 -0.000480131 -0.000183405 -0.000128864 0.594728 0.193675 0.00468798 0.00090416 4.89818e-05 6.28533e-05 -0.000401519 0.193675 0.509815 0.00749707 0.00143997 1.4521e-05 -0.00641331 -0.0090225 0.00468798 0.00749707 0.648955 0.401244 0.00337644 0.00557886 0.0140175 0.00090416 0.00143997 0.401244 1.78614 -0.00280425 -0.000593558 -0.000480131 4.89818e-05 1.4521e-05 0.00337644 -0.00280425 0.00233179 
      </Matrix>
      <Matrix Rows="7" Columns="7">
        0.0250689 -0.00867468 -0.000141812 -6.65059e-05 -0.00310826 0.0113736 -0.00353459 -0.00867468 0.0451499 0.000182238 3.95226e-05 -0.00615019 0.024415 -0.00388173 -0.000141812 0.000182238 0.894252 -0.118069 0.00161736 -0.00532894 -3.58898e-05 -6.65059e-05 3.95226e-05 -0.118069 0.796804 -0.000837257 0.000573426 3.48404e-05 -0.00310826 -0.00615019 0.00161736 -0.000837257 0.785162 0.135089 0.00472879 0.0113736 0.024415 -0.00532894 0.000573426 0.135089 1.9327 -0.0131083 -0.00353459 -0.00388173 -3.58898e-05 3.48404e-05 0.00472879 -0.0131083 0.00887581 
      </Matrix>
      <Matrix Rows="7" Columns="7">
        0.0208721 -0.00849961 -0.000191622 7.00858e-05 -0.00542243 0.00442979 -0.000689104 -0.00849961 0.0408977 2.97529e-05 -0.000204357 -0.00621251 0.0136575 -0.000230226 -0.000191622 2.97529e-05 0.651135 0.126275 0.00186091 -0.00170707 4.17398e-05 7.00858e-05 -0.000204357 0.126275 0.567895 0.00467934 0.00213128 2.82302e-06 -0.00542243 -0.00621251 0.00186091 0.00467934 0.668256 0.247607 0.00395689 0.00442979 0.0136575 -0.00170707 0.00213128 0.247607 1.33654 -0.00374539 -0.000689104 -0.000230226 4.17398e-05 2.82302e-06 0.00395689 -0.00374539 0.00275119 
      </Matrix>
    </Transform>
  </Transformations>
  <MVAPdfs/>
  <Weights NVariables="7" NClasses="2">
    <PDFDescriptor VarIndex="0" ClassIndex="0">
      <PDF Name="LikelihoodD PDF Sig[0]" MinNSmooth="20" MaxNSmooth="20" InterpolMethod="2" KDE_type="1" KDE_iter="1" KDE_border="1" KDE_finefactor="1.0000000000000000e+00">
        <Histogram Name="pT_RECO_q1_sig_original" NBins="168" XMin="-1.2633599281311035e+01" XMax="1.5483854293823242e+01" HasEquidistantBins="1">
          0 0 0 0 0 0 0 0 0 0 0 0 0 0 0 0 0 0 0 0 0 0 0 0 0 0 0 0 0 0 0 0 0 0 0 0 0 0 0 0 0 0 0 0 0 0 0 0 0 0 0 0 0 0 0 0 0 0 0 0 0 0 0 0 0 0 0 0 0 0 3 5 7 15 34 61 166 427 879 1022 917 849 673 591 454 427 323 290 203 168 161 114 93 83 60 53 44 31 37 36 25 22 23 15 13 12 7 5 8 10 7 7 5 3 4 3 2 2 1 2 3 0 1 3 1 2 0 0 0 1 1 0 1 0 1 1 0 0 0 0 0 0 0 0 0 0 0 0 0 0 0 0 0 0 0 0 0 0 0 0 0 0 0 0 0 0 0 0 
        </Histogram>
      </PDF>
    </PDFDescriptor>
    <PDFDescriptor VarIndex="0" ClassIndex="1">
      <PDF Name="LikelihoodD PDF Bkg[0]" MinNSmooth="20" MaxNSmooth="20" InterpolMethod="2" KDE_type="1" KDE_iter="1" KDE_border="1" KDE_finefactor="1.0000000000000000e+00">
        <Histogram Name="pT_RECO_q1_bgd_original" NBins="168" XMin="-1.2633599281311035e+01" XMax="1.5483854293823242e+01" HasEquidistantBins="1">
          0 0 0 0 0 0 0 0 0 0 0 0 0 0 0 0 0 0 0 0 0 0 0 0 0 0 0 0 0 0 0 0 0.169786 0 0 0 0 0 0 0.169786 0 0 0 0 0 0 0.169786 0 0 0 0.169786 0.169786 0.339572 0 0.339572 0.509358 0.679144 0.509358 0.169786 0.169786 0.509358 0.679144 0.84893 1.52807 1.52807 2.37701 1.52807 2.71658 3.39572 6.62165 8.99866 11.7152 14.0923 20.7139 33.2781 60.2739 120.887 299.844 656.933 960.874 1072.26 1034.74 886.163 761.36 602.257 520.584 392.215 320.22 264.525 214.608 164.182 134.47 108.153 91.8538 71.4796 58.2364 46.8609 38.881 32.599 31.4105 22.242 20.2046 21.2233 15.111 12.3944 10.357 8.65909 8.99866 8.14973 7.97994 6.45187 5.60294 4.41444 3.90508 2.37701 3.39572 2.54679 4.07486 2.88636 1.86765 3.73529 1.1885 0.84893 1.01872 1.01872 1.35829 1.01872 1.1885 0.169786 0.509358 0.339572 0.339572 0.509358 0.339572 0.679144 0.679144 0.509358 0.339572 0 0.509358 0.169786 0.509358 0.169786 0 0.509358 0.169786 0.169786 0.169786 0.169786 0 0 0 0.169786 0.169786 0 0.169786 0.169786 0 0 0 0 0 0 0 0 0.169786 0 0.169786 
        </Histogram>
      </PDF>
    </PDFDescriptor>
    <PDFDescriptor VarIndex="1" ClassIndex="0">
      <PDF Name="LikelihoodD PDF Sig[1]" MinNSmooth="5" MaxNSmooth="5" InterpolMethod="2" KDE_type="1" KDE_iter="1" KDE_border="1" KDE_finefactor="1.0000000000000000e+00">
        <Histogram Name="pT_RECO_q2_sig_original" NBins="168" XMin="-1.3231408119201660e+01" XMax="2.4726879119873047e+01" HasEquidistantBins="1">
          0 0 0 0 0 0 0 0 0 0 0 0 0 0 0 0 0 0 0 0 0 0 0 0 0 0 0 0 0 0 0 0 0 0 0 0 0 0 0 0 0 0 0 0 0 0 0 0 0 0 1 1 6 4 5 13 19 33 76 98 211 459 839 1304 1196 928 755 581 433 348 233 161 151 132 105 68 57 36 27 26 22 16 12 8 12 4 6 4 4 2 2 1 4 3 1 2 2 0 2 1 0 1 0 1 0 0 0 0 0 0 1 0 0 0 0 0 0 0 0 0 0 0 0 0 0 0 0 0 0 0 0 0 0 0 0 0 0 0 0 0 0 0 0 0 0 0 0 0 0 0 0 0 0 0 0 0 0 0 0 0 0 0 0 0 0 0 0 0 
        </Histogram>
      </PDF>
    </PDFDescriptor>
    <PDFDescriptor VarIndex="1" ClassIndex="1">
      <PDF Name="LikelihoodD PDF Bkg[1]" MinNSmooth="5" MaxNSmooth="5" InterpolMethod="2" KDE_type="1" KDE_iter="1" KDE_border="1" KDE_finefactor="1.0000000000000000e+00">
        <Histogram Name="pT_RECO_q2_bgd_original" NBins="168" XMin="-1.3231408119201660e+01" XMax="2.4726879119873047e+01" HasEquidistantBins="1">
          0 0 0 0 0 0 0 0 0 0 0 0 0 0 0 0 0 0 0 0.169786 0 0 0 0 0 0 0 0 0 0 0.509358 0 0 0 0.169786 0.169786 0.169786 0 0 0.169786 0.339572 0.509358 0.84893 0.679144 1.35829 1.35829 2.03743 3.05615 3.39572 4.75401 6.45187 7.47058 12.9037 20.3744 34.976 46.012 70.8005 120.378 203.063 338.049 574.919 854.07 1105.37 1122.86 1043.23 882.427 715.004 540.45 395.781 290.165 220.381 154.844 122.585 78.1012 61.9717 52.294 33.4479 25.6377 18.8463 15.7901 12.9037 7.3008 7.97994 7.13101 4.24465 3.39572 3.39572 2.03743 2.71658 1.1885 2.37701 1.52807 1.1885 0.84893 0.339572 0.339572 1.01872 1.1885 0 0.169786 0.169786 0.339572 0.169786 0.169786 0.169786 0 0.169786 0.679144 0.169786 0 0 0 0.169786 0.169786 0 0 0 0 0 0 0 0 0 0 0 0 0 0 0 0 0 0 0 0 0.169786 0 0 0 0 0 0 0 0 0 0 0 0 0 0 0 0 0 0 0 0 0 0 0 0 0 0 0 0 0 0 0 0 0 
        </Histogram>
      </PDF>
    </PDFDescriptor>
    <PDFDescriptor VarIndex="2" ClassIndex="0">
      <PDF Name="LikelihoodD PDF Sig[2]" MinNSmooth="5" MaxNSmooth="5" InterpolMethod="2" KDE_type="1" KDE_iter="1" KDE_border="1" KDE_finefactor="1.0000000000000000e+00">
        <Histogram Name="eta_RECO_q1_sig_original" NBins="168" XMin="-4.5265607833862305e+00" XMax="4.3616185188293457e+00" HasEquidistantBins="1">
          0 0 0 0 0 0 0 0 0 0 0 0 0 0 0 0 0 0 0 0 0 0 0 0 0 0 0 1 0 0 0 0 0 0 2 0 1 4 3 2 6 6 9 10 10 16 22 19 33 30 34 54 39 39 60 71 69 82 83 100 99 116 104 129 126 119 140 134 127 147 137 136 152 140 135 145 129 138 142 139 150 162 145 146 153 148 140 133 157 100 154 142 135 134 145 173 146 142 151 130 133 152 120 136 120 127 113 105 107 97 90 99 75 86 69 74 69 53 34 39 33 31 20 22 9 19 7 7 12 7 6 4 4 4 1 1 3 0 0 3 0 0 0 0 0 0 0 0 0 1 0 0 0 0 0 0 0 0 0 0 0 0 0 0 0 0 0 0 
        </Histogram>
      </PDF>
    </PDFDescriptor>
    <PDFDescriptor VarIndex="2" ClassIndex="1">
      <PDF Name="LikelihoodD PDF Bkg[2]" MinNSmooth="5" MaxNSmooth="5" InterpolMethod="2" KDE_type="1" KDE_iter="1" KDE_border="1" KDE_finefactor="1.0000000000000000e+00">
        <Histogram Name="eta_RECO_q1_bgd_original" NBins="168" XMin="-4.5265607833862305e+00" XMax="4.3616185188293457e+00" HasEquidistantBins="1">
          0 0 0 0 0 0 0 0 0 0 0 0 0 0.169786 0 0.339572 0.169786 0 0 0.339572 0.339572 0.679144 1.01872 0.679144 1.1885 1.1885 1.01872 0.84893 1.35829 2.37701 2.54679 3.56551 7.13101 6.62165 4.75401 5.94251 5.09358 9.50802 8.14973 9.50802 11.0361 11.5455 14.4318 16.6391 16.9786 21.3931 21.7326 27.3356 27.3356 31.0709 37.1832 48.0494 41.9371 45.5026 55.3501 57.5573 64.0091 69.1027 72.3286 75.0451 84.0437 88.6279 95.2495 104.248 103.229 115.963 125.811 128.527 130.565 126.829 153.995 149.581 144.657 167.747 168.087 165.88 175.897 186.424 185.066 189.819 186.424 186.933 192.706 179.463 189.989 177.765 185.745 183.877 189.989 185.914 187.782 191.178 183.537 177.086 177.086 175.388 168.257 160.956 158.24 147.204 151.788 147.034 132.432 117.321 120.038 107.474 102.041 93.2121 93.3818 76.0638 83.7041 69.7818 68.5933 69.2724 62.1415 53.9918 52.1242 45.163 42.6163 34.976 35.1457 32.2594 33.1083 26.1471 22.4118 19.5254 17.6578 17.8276 15.111 14.6016 8.99866 9.50802 11.0361 6.62165 5.77272 5.77272 4.58422 4.07486 4.24465 2.54679 2.37701 2.37701 2.37701 1.1885 1.69786 1.1885 1.35829 0.339572 0.679144 0.339572 0.679144 0.339572 0.339572 0 0.169786 0.169786 0 0 0 0 0 0.169786 0 0 0 0 0 0 
        </Histogram>
      </PDF>
    </PDFDescriptor>
    <PDFDescriptor VarIndex="3" ClassIndex="0">
      <PDF Name="LikelihoodD PDF Sig[3]" MinNSmooth="5" MaxNSmooth="5" InterpolMethod="2" KDE_type="1" KDE_iter="1" KDE_border="1" KDE_finefactor="1.0000000000000000e+00">
        <Histogram Name="eta_RECO_q2_sig_original" NBins="168" XMin="-4.0230188369750977e+00" XMax="4.3782587051391602e+00" HasEquidistantBins="1">
          0 0 0 0 0 0 0 0 0 0 0 0 0 0 0 0 0 0 0 0 0 0 0 0 0 0 1 0 0 0 2 0 3 0 3 5 9 8 8 14 29 27 30 37 50 36 58 62 64 81 84 85 88 125 107 114 130 138 126 131 141 150 144 151 148 129 136 118 120 136 147 128 127 146 110 134 120 120 112 103 93 119 128 121 107 121 141 101 122 119 129 106 125 152 131 146 148 142 133 140 148 146 135 116 129 106 99 105 83 72 63 59 57 44 39 49 41 25 20 9 18 14 11 6 5 7 4 2 1 1 2 1 0 0 0 0 1 0 0 0 0 0 0 0 0 0 0 0 0 0 0 0 0 0 0 0 0 0 0 0 0 0 0 0 0 0 0 0 
        </Histogram>
      </PDF>
    </PDFDescriptor>
    <PDFDescriptor VarIndex="3" ClassIndex="1">
      <PDF Name="LikelihoodD PDF Bkg[3]" MinNSmooth="5" MaxNSmooth="5" InterpolMethod="2" KDE_type="1" KDE_iter="1" KDE_border="1" KDE_finefactor="1.0000000000000000e+00">
        <Histogram Name="eta_RECO_q2_bgd_original" NBins="168" XMin="-4.0230188369750977e+00" XMax="4.3782587051391602e+00" HasEquidistantBins="1">
          0 0 0 0 0.169786 0.169786 0 0.169786 0 0.169786 0.509358 0 0.339572 0.169786 0.509358 0.679144 1.1885 1.35829 1.1885 1.52807 2.88636 2.03743 2.88636 4.92379 4.24465 3.56551 4.92379 6.96123 5.60294 7.47058 8.14973 10.0174 10.6965 10.5267 11.5455 13.7527 15.7901 18.6765 19.865 23.7701 23.9399 27.845 29.373 32.0896 35.4853 41.4278 46.6911 51.7846 48.5587 56.5386 65.5372 70.9703 65.5372 78.4408 74.366 90.3257 93.3818 96.438 98.3056 114.435 114.775 116.473 118.001 128.357 129.206 141.77 147.543 146.694 156.881 156.202 164.861 179.123 173.011 178.274 180.821 183.198 188.122 181.5 181.67 181.84 180.991 180.651 181.5 166.389 170.973 178.953 167.578 177.255 170.804 162.654 156.542 164.352 157.221 151.278 144.657 142.789 136.677 128.188 119.868 120.038 105.606 103.06 99.8337 95.2495 91.0049 84.3833 81.6667 72.8379 67.0652 62.3113 57.0479 55.0105 52.8033 50.4263 39.5601 37.3529 34.2968 31.4105 30.5615 26.4867 22.4118 25.6377 18.6765 19.0161 15.7901 19.3556 13.4131 10.6965 10.5267 8.31952 9.84759 7.13101 7.13101 5.60294 4.58422 4.24465 4.75401 3.90508 2.54679 1.52807 2.71658 2.03743 2.03743 0.679144 1.1885 0.84893 0.509358 0.679144 0.679144 0.339572 0.339572 0.339572 0.169786 0.169786 0 0.169786 0 0 0 0 0 0 0 0.169786 0 0 0 0 
        </Histogram>
      </PDF>
    </PDFDescriptor>
    <PDFDescriptor VarIndex="4" ClassIndex="0">
      <PDF Name="LikelihoodD PDF Sig[4]" MinNSmooth="5" MaxNSmooth="5" InterpolMethod="2" KDE_type="1" KDE_iter="1" KDE_border="1" KDE_finefactor="1.0000000000000000e+00">
        <Histogram Name="eta_RECO_q1_eta_RECO_q2_sig_original" NBins="168" XMin="-5.1665277481079102e+00" XMax="1.1264462471008301e+01" HasEquidistantBins="1">
          0 0 0 0 0 0 0 0 0 0 0 0 0 0 0 0 0 0 0 0 0 0 0 0 0 0 0 0 0 0 1 1 2 2 2 5 19 15 14 30 33 59 77 94 128 156 227 273 425 596 690 693 553 489 424 396 303 297 236 244 213 177 191 121 110 98 100 87 84 72 61 64 47 43 36 53 24 27 34 30 17 19 12 15 16 16 12 10 11 12 7 11 9 4 3 6 7 4 7 4 3 6 8 2 3 3 5 3 1 1 3 2 0 1 1 3 2 2 0 1 2 0 1 1 1 0 0 0 0 0 0 0 0 0 0 1 0 0 0 0 0 0 0 1 0 0 1 0 1 0 0 0 0 0 0 0 0 0 0 0 0 0 0 0 0 0 0 0 
        </Histogram>
      </PDF>
    </PDFDescriptor>
    <PDFDescriptor VarIndex="4" ClassIndex="1">
      <PDF Name="LikelihoodD PDF Bkg[4]" MinNSmooth="5" MaxNSmooth="5" InterpolMethod="2" KDE_type="1" KDE_iter="1" KDE_border="1" KDE_finefactor="1.0000000000000000e+00">
        <Histogram Name="eta_RECO_q1_eta_RECO_q2_bgd_original" NBins="168" XMin="-5.1665277481079102e+00" XMax="1.1264462471008301e+01" HasEquidistantBins="1">
          0 0 0 0 0 0 0 0 0 0 0 0 0 0 0 0 0 0 0 0 0 0 0.169786 0 0.169786 0.339572 0 0 0.339572 0 0.509358 0.169786 1.35829 0.509358 1.1885 1.52807 2.71658 4.41444 2.88636 4.41444 5.09358 8.65909 10.8663 17.6578 22.0722 31.2407 43.635 63.33 106.116 218.173 368.952 534.337 709.571 995.853 824.865 620.935 514.98 424.816 361.481 321.918 283.543 258.582 228.87 211.212 183.537 155.863 149.92 138.205 122.755 112.058 102.38 95.7588 89.9862 80.8178 69.2724 60.2739 65.8767 54.1616 51.2753 44.6537 43.1256 33.6177 33.4479 33.2781 28.0147 25.6377 23.9399 21.7326 17.6578 19.5254 14.9412 18.3369 14.262 10.1872 11.7152 12.734 9.16845 10.5267 8.65909 6.28208 6.79144 6.28208 7.47058 6.79144 4.58422 4.24465 3.56551 3.73529 2.03743 3.22593 1.1885 2.03743 2.03743 1.35829 2.20722 1.69786 1.01872 0.84893 1.01872 0.84893 1.1885 0.509358 0.339572 0.339572 0.509358 0.84893 0.169786 0.339572 0.679144 0.679144 0.339572 0.169786 0.339572 0 0 0.339572 0.169786 0.169786 0 0 0 0.169786 0.339572 0 0 0 0 0.339572 0 0 0 0 0 0 0 0 0 0 0 0 0 0 0 0 0 0 0 0 
        </Histogram>
      </PDF>
    </PDFDescriptor>
    <PDFDescriptor VarIndex="5" ClassIndex="0">
      <PDF Name="LikelihoodD PDF Sig[5]" MinNSmooth="5" MaxNSmooth="5" InterpolMethod="2" KDE_type="1" KDE_iter="1" KDE_border="1" KDE_finefactor="1.0000000000000000e+00">
        <Histogram Name="Deta_RECO_q12_sig_original" NBins="168" XMin="-3.8965576171875000e+01" XMax="1.0809278488159180e+01" HasEquidistantBins="1">
          0 0 0 0 0 0 0 0 0 0 0 0 0 0 0 0 0 0 0 0 0 0 0 0 0 0 0 0 0 0 0 0 0 0 0 0 0 0 0 0 0 0 0 0 0 0 0 0 0 0 0 0 0 0 0 0 0 0 0 0 0 0 0 0 0 0 0 0 0 0 0 0 0 0 0 0 0 0 0 0 0 0 0 0 0 0 0 0 0 0 0 0 0 0 0 0 0 0 0 0 0 0 0 0 0 0 0 0 0 0 0 0 0 0 0 0 0 0 0 0 0 0 0 0 1 1 1 0 0 1 1 0 1 2 5 21 45 37 78 86 111 109 147 171 252 326 447 672 1013 1870 1577 788 348 150 94 34 15 10 1 1 0 0 1 0 0 0 0 0 
        </Histogram>
      </PDF>
    </PDFDescriptor>
    <PDFDescriptor VarIndex="5" ClassIndex="1">
      <PDF Name="LikelihoodD PDF Bkg[5]" MinNSmooth="5" MaxNSmooth="5" InterpolMethod="2" KDE_type="1" KDE_iter="1" KDE_border="1" KDE_finefactor="1.0000000000000000e+00">
        <Histogram Name="Deta_RECO_q12_bgd_original" NBins="168" XMin="-3.8965576171875000e+01" XMax="1.0809278488159180e+01" HasEquidistantBins="1">
          0 0 0 0 0 0 0 0 0 0 0 0 0 0 0 0 0 0 0 0 0 0 0 0 0 0 0 0 0 0 0 0 0 0 0 0 0 0 0 0 0 0 0 0 0 0 0 0 0 0 0 0 0 0 0 0.169786 0 0 0 0 0 0 0 0 0 0 0 0 0 0 0 0 0 0 0 0 0 0 0 0.339572 0.169786 0 0 0 0 0 0 0 0 0.169786 0 0 0 0 0 0 0 0.169786 0 0.509358 0.339572 0 0 0.169786 0 0.169786 0 0.169786 0 0.169786 0.169786 0.169786 0.339572 0.339572 0.509358 0.339572 0.509358 0.339572 1.01872 0.509358 0.84893 0.509358 1.1885 1.01872 2.71658 1.69786 1.69786 2.37701 3.05615 1.69786 2.71658 4.07486 11.3757 96.2682 276.751 502.755 660.668 759.831 837.6 905.52 1017.08 1101.98 987.703 810.771 607.181 374.556 165.201 68.0839 24.4492 6.45187 4.07486 0.84893 1.01872 0.509358 0.339572 0.339572 0.169786 0.169786 0 0 0 0 0.169786 0 0 0 0 0 
        </Histogram>
      </PDF>
    </PDFDescriptor>
    <PDFDescriptor VarIndex="6" ClassIndex="0">
      <PDF Name="LikelihoodD PDF Sig[6]" MinNSmooth="5" MaxNSmooth="5" InterpolMethod="2" KDE_type="1" KDE_iter="1" KDE_border="1" KDE_finefactor="1.0000000000000000e+00">
        <Histogram Name="Mjj_sig_original" NBins="168" XMin="-8.2134026288986206e-01" XMax="3.6298412322998047e+01" HasEquidistantBins="1">
          0 0 0 127 792 1080 1059 1042 840 682 555 451 366 295 212 185 157 128 91 69 72 47 41 29 18 20 12 8 8 5 4 5 6 4 0 1 1 0 2 0 0 0 1 0 0 1 0 1 0 0 0 0 0 0 0 0 0 0 0 0 0 0 0 0 0 0 0 0 0 0 0 0 0 0 0 0 0 0 0 0 0 0 0 0 0 0 0 0 0 0 0 0 0 0 0 0 0 0 0 0 0 0 0 0 0 0 0 0 0 0 0 0 0 0 0 0 0 0 0 0 0 0 0 0 0 0 0 0 0 0 0 0 0 0 0 0 0 0 0 0 0 0 0 0 0 0 0 0 0 0 0 0 0 0 0 0 0 0 0 0 0 0 0 0 0 0 0 0 
        </Histogram>
      </PDF>
    </PDFDescriptor>
    <PDFDescriptor VarIndex="6" ClassIndex="1">
      <PDF Name="LikelihoodD PDF Bkg[6]" MinNSmooth="5" MaxNSmooth="5" InterpolMethod="2" KDE_type="1" KDE_iter="1" KDE_border="1" KDE_finefactor="1.0000000000000000e+00">
        <Histogram Name="Mjj_bgd_original" NBins="168" XMin="-8.2134026288986206e-01" XMax="3.6298412322998047e+01" HasEquidistantBins="1">
          0.509358 2.20722 24.9586 412.081 808.904 1302 1647.54 1341.74 964.61 706.005 499.528 357.746 261.809 188.631 146.185 104.588 87.9487 68.0839 51.2753 40.9184 38.2019 30.222 25.2982 21.2233 18.1671 13.9225 10.357 9.67781 7.64037 7.13101 4.92379 6.79144 4.41444 4.07486 2.37701 3.56551 2.71658 2.54679 2.20722 1.86765 1.52807 1.52807 1.69786 2.20722 0.509358 1.01872 1.01872 0.509358 0.339572 0.509358 0.679144 0.84893 0.679144 0.509358 0.169786 0.679144 0.169786 0 0.169786 0 0.169786 0.169786 0 0.169786 0.169786 0.339572 0 0 0 0.679144 0 0 0.169786 0.169786 0 0 0 0 0 0.169786 0 0 0 0 0 0 0 0 0 0.339572 0 0.169786 0 0 0 0 0 0 0 0 0 0 0 0 0 0 0 0 0 0 0 0 0 0 0.169786 0 0 0 0 0 0 0 0 0 0 0 0 0 0 0 0 0 0 0 0 0 0 0 0 0 0 0 0 0 0 0 0 0 0 0 0 0 0 0 0 0 0 0 0 0 0 0 0 0 0 0 0 0 
        </Histogram>
      </PDF>
    </PDFDescriptor>
  </Weights>
</MethodSetup>
