<?xml version="1.0"?>
<MethodSetup Method="Likelihood::LikelihoodD">
  <GeneralInfo>
    <Info name="TMVA Release" value="4.0.4 [262148]"/>
    <Info name="ROOT Release" value="5.27/03 [334595]"/>
    <Info name="Creator" value="andrea"/>
    <Info name="Date" value="Fri Sep  3 15:04:13 2010"/>
    <Info name="Host" value="Linux andrea-laptop 2.6.32-21-generic #32-Ubuntu SMP Fri Apr 16 08:10:02 UTC 2010 i686 GNU/Linux"/>
    <Info name="Dir" value="/home/andrea/Cern/Code/VBF/qqHWW/AnalysisPackage_qqHWWlnulnu"/>
    <Info name="Training events" value="15884"/>
    <Info name="TrainingTime" value="1.2546"/>
    <Info name="AnalysisType" value="Classification"/>
  </GeneralInfo>
  <Options>
    <Option name="V" modified="Yes">False</Option>
    <Option name="VerbosityLevel" modified="No">Default</Option>
    <Option name="VarTransform" modified="Yes">Decorrelate</Option>
    <Option name="H" modified="Yes">False</Option>
    <Option name="CreateMVAPdfs" modified="No">False</Option>
    <Option name="IgnoreNegWeightsInTraining" modified="No">False</Option>
    <Option name="TransformOutput" modified="Yes">False</Option>
  </Options>
  <Variables NVar="11">
    <Variable VarIndex="0" Expression="pdgId_RECO_l1" Label="pdgId_RECO_l1" Title="pdgId_RECO_l1" Unit="" Internal="pdgId_RECO_l1" Type="I" Min="11" Max="13"/>
    <Variable VarIndex="1" Expression="pdgId_RECO_l2" Label="pdgId_RECO_l2" Title="pdgId_RECO_l2" Unit="" Internal="pdgId_RECO_l2" Type="I" Min="11" Max="13"/>
    <Variable VarIndex="2" Expression="pT_RECO_l1" Label="pT_RECO_l1" Title="pT_RECO_l1" Unit="" Internal="pT_RECO_l1" Type="D" Min="15.3938" Max="459.828"/>
    <Variable VarIndex="3" Expression="pT_RECO_l2" Label="pT_RECO_l2" Title="pT_RECO_l2" Unit="" Internal="pT_RECO_l2" Type="D" Min="15.0025" Max="261.129"/>
    <Variable VarIndex="4" Expression="eta_RECO_l1" Label="eta_RECO_l1" Title="eta_RECO_l1" Unit="" Internal="eta_RECO_l1" Type="D" Min="-2.49519" Max="2.49816"/>
    <Variable VarIndex="5" Expression="eta_RECO_l2" Label="eta_RECO_l2" Title="eta_RECO_l2" Unit="" Internal="eta_RECO_l2" Type="D" Min="-2.49558" Max="2.49063"/>
    <Variable VarIndex="6" Expression="eta_RECO_l1_eta_RECO_l2" Label="eta_RECO_l1_eta_RECO_l2" Title="eta_RECO_l1_eta_RECO_l2" Unit="" Internal="eta_RECO_l1_eta_RECO_l2" Type="D" Min="-5.29619" Max="6.14895"/>
    <Variable VarIndex="7" Expression="Deta_RECO_l12" Label="Deta_RECO_l12" Title="Deta_RECO_l12" Unit="" Internal="Deta_RECO_l12" Type="D" Min="0" Max="4.60514"/>
    <Variable VarIndex="8" Expression="Dphi_RECO_l12" Label="Dphi_RECO_l12" Title="Dphi_RECO_l12" Unit="" Internal="Dphi_RECO_l12" Type="D" Min="0" Max="3.14154"/>
    <Variable VarIndex="9" Expression="Mll" Label="Mll" Title="Mll" Unit="" Internal="Mll" Type="D" Min="-0.0811042" Max="684.36"/>
    <Variable VarIndex="10" Expression="charge_RECO_l1_charge_RECO_l2" Label="charge_RECO_l1_charge_RECO_l2" Title="charge_RECO_l1_charge_RECO_l2" Unit="" Internal="charge_RECO_l1_charge_RECO_l2" Type="D" Min="-1" Max="1"/>
  </Variables>
  <Spectators NSpec="0"/>
  <Transformations NTransformations="1">
    <Transform Name="Decorrelation">
      <Matrix Rows="11" Columns="11">
        1.20345 0.223082 -0.000975546 0.000772385 0.00322166 0.0031311 -0.00198013 0.0111773 -0.00205775 8.48638e-05 0.0116239 0.223082 1.1847 0.000999769 -0.000625015 0.00494274 -0.00523145 -0.0183365 -0.00381335 0.00916969 -0.00168927 0.0199268 -0.000975546 0.000999769 0.0466251 -0.0211168 -0.00158816 -0.000254115 -0.000859758 0.0156121 0.023063 -0.00801685 0.00134341 0.000772385 -0.000625015 -0.0211168 0.0766106 0.000847453 -0.000400969 0.00144256 0.0310204 0.0288644 0.00156277 0.00019028 0.00322166 0.00494274 -0.00158816 0.000847453 1.43748 -0.629163 0.00120473 0.0194862 -0.0304045 0.00177905 -0.00270037 0.0031311 -0.00523145 -0.000254115 -0.000400969 -0.629163 1.31244 0.00219966 -0.0285103 0.0118155 -0.000465475 0.00696186 -0.00198013 -0.0183365 -0.000859758 0.00144256 0.00120473 0.00219966 0.905498 0.135951 -0.0303061 0.0058562 -0.0916488 0.0111773 -0.00381335 0.0156121 0.0310204 0.0194862 -0.0285103 0.135951 3.34746 0.879636 -0.0538096 0.0309502 -0.00205775 0.00916969 0.023063 0.0288644 -0.0304045 0.0118155 -0.0303061 0.879636 2.37346 -0.0682288 0.0777892 8.48638e-05 -0.00168927 -0.00801685 0.00156277 0.00177905 -0.000465475 0.0058562 -0.0538096 -0.0682288 0.0560468 -0.00497776 0.0116239 0.0199268 0.00134341 0.00019028 -0.00270037 0.00696186 -0.0916488 0.0309502 0.0777892 -0.00497776 4.55135 
      </Matrix>
      <Matrix Rows="11" Columns="11">
        1.00059 0.0022097 0.000284009 -0.000144184 0.00571726 0.00332464 -0.00940881 -0.0207838 0.0073098 -0.000165714 0.00352393 0.0022097 1.00127 2.41052e-05 0.000882668 0.00245548 -0.00109854 -0.0199371 -0.0299824 0.00162457 1.71255e-05 0.0150082 0.000284009 2.41052e-05 0.0335634 -0.00476005 -0.000322512 -0.000328183 -0.00745222 0.0227294 0.0100948 -0.00742825 -0.000269226 -0.000144184 0.000882668 -0.00476005 0.0730203 0.000830416 0.000895834 -0.0185046 0.0558784 0.0245323 -0.0104334 0.000376773 0.00571726 0.00245548 -0.000322512 0.000830416 1.01645 -0.0499644 -0.00437126 0.0076249 0.0144901 -0.000210819 0.00635624 0.00332464 -0.00109854 -0.000328183 0.000895834 -0.0499644 0.96537 -0.0022459 -0.0151426 -0.00361686 0.000313161 -0.00285883 -0.00940881 -0.0199371 -0.00745222 -0.0185046 -0.00437126 -0.0022459 1.27418 0.331068 -0.106777 0.0125746 0.00443886 -0.0207838 -0.0299824 0.0227294 0.0558784 0.0076249 -0.0151426 0.331068 2.48393 0.492666 -0.034157 -0.0103279 0.0073098 0.00162457 0.0100948 0.0245323 0.0144901 -0.00361686 -0.106777 0.492666 1.43129 -0.0208424 -0.00193957 -0.000165714 1.71255e-05 -0.00742825 -0.0104334 -0.000210819 0.000313161 0.0125746 -0.034157 -0.0208424 0.0195741 0.00211978 0.00352393 0.0150082 -0.000269226 0.000376773 0.00635624 -0.00285883 0.00443886 -0.0103279 -0.00193957 0.00211978 1.33837 
      </Matrix>
      <Matrix Rows="11" Columns="11">
        1.0006 0.00235419 0.000288213 -3.31198e-05 0.00569361 0.00329592 -0.00900211 -0.0204698 0.00649063 -0.000214382 0.00274149 0.00235419 1.00121 3.32759e-05 0.000989056 0.0024492 -0.00113369 -0.0195901 -0.0297047 0.000824643 -3.31695e-05 0.0142012 0.000288213 3.32759e-05 0.0335948 -0.00483586 -0.000326157 -0.000331587 -0.00738103 0.0226283 0.0101028 -0.00741352 -0.000260545 -3.31198e-05 0.000989056 -0.00483586 0.0728678 0.000821086 0.000885387 -0.0182857 0.055488 0.0246429 -0.0103348 0.000508723 0.00569361 0.0024492 -0.000326157 0.000821086 1.0168 -0.0517856 -0.00427234 0.00762157 0.0143862 -0.000206929 0.00634948 0.00329592 -0.00113369 -0.000331587 0.000885387 -0.0517856 0.965568 -0.00214559 -0.015216 -0.00370654 0.000316701 -0.00289069 -0.00900211 -0.0195901 -0.00738103 -0.0182857 -0.00427234 -0.00214559 1.26986 0.330435 -0.105605 0.0124908 0.00464432 -0.0204698 -0.0297047 0.0226283 0.055488 0.00762157 -0.015216 0.330435 2.48148 0.49292 -0.0340337 -0.0100987 0.00649063 0.000824643 0.0101028 0.0246429 0.0143862 -0.00370654 -0.105605 0.49292 1.43181 -0.0209102 -0.00299898 -0.000214382 -3.31695e-05 -0.00741352 -0.0103348 -0.000206929 0.000316701 0.0124908 -0.0340337 -0.0209102 0.0195529 0.00206563 0.00274149 0.0142012 -0.000260545 0.000508723 0.00634948 -0.00289069 0.00464432 -0.0100987 -0.00299898 0.00206563 1.34067 
      </Matrix>
    </Transform>
  </Transformations>
  <MVAPdfs/>
  <Weights NVariables="11" NClasses="2">
    <PDFDescriptor VarIndex="0" ClassIndex="0">
      <PDF Name="LikelihoodD PDF Sig[0]" MinNSmooth="5" MaxNSmooth="5" InterpolMethod="2" KDE_type="1" KDE_iter="1" KDE_border="1" KDE_finefactor="1.0000000000000000e+00">
        <Histogram Name="pdgId_RECO_l1_sig_original" NBins="9" XMin="1.1000000000000000e+01" XMax="2.0000000000000000e+01" HasEquidistantBins="1">
          0 0 0 0 0.00240158 0.00138908 1.96531e-05 0.00130732 0 
        </Histogram>
      </PDF>
    </PDFDescriptor>
    <PDFDescriptor VarIndex="0" ClassIndex="1">
      <PDF Name="LikelihoodD PDF Bkg[0]" MinNSmooth="5" MaxNSmooth="5" InterpolMethod="2" KDE_type="1" KDE_iter="1" KDE_border="1" KDE_finefactor="1.0000000000000000e+00">
        <Histogram Name="pdgId_RECO_l1_bgd_original" NBins="9" XMin="1.1000000000000000e+01" XMax="2.0000000000000000e+01" HasEquidistantBins="1">
          0.378217 0.0875826 0.37216 0 0 0 0 0 0 
        </Histogram>
      </PDF>
    </PDFDescriptor>
    <PDFDescriptor VarIndex="1" ClassIndex="0">
      <PDF Name="LikelihoodD PDF Sig[1]" MinNSmooth="5" MaxNSmooth="5" InterpolMethod="2" KDE_type="1" KDE_iter="1" KDE_border="1" KDE_finefactor="1.0000000000000000e+00">
        <Histogram Name="pdgId_RECO_l2_sig_original" NBins="9" XMin="1.1000000000000000e+01" XMax="2.0000000000000000e+01" HasEquidistantBins="1">
          0 0 0 0 0.00371976 3.14449e-06 0.00139301 1.57225e-06 0 
        </Histogram>
      </PDF>
    </PDFDescriptor>
    <PDFDescriptor VarIndex="1" ClassIndex="1">
      <PDF Name="LikelihoodD PDF Bkg[1]" MinNSmooth="5" MaxNSmooth="5" InterpolMethod="2" KDE_type="1" KDE_iter="1" KDE_border="1" KDE_finefactor="1.0000000000000000e+00">
        <Histogram Name="pdgId_RECO_l2_bgd_original" NBins="9" XMin="1.1000000000000000e+01" XMax="2.0000000000000000e+01" HasEquidistantBins="1">
          0.413342 0.0483806 0.419522 0 0 0 0 0 0 
        </Histogram>
      </PDF>
    </PDFDescriptor>
    <PDFDescriptor VarIndex="2" ClassIndex="0">
      <PDF Name="LikelihoodD PDF Sig[2]" MinNSmooth="5" MaxNSmooth="5" InterpolMethod="2" KDE_type="1" KDE_iter="1" KDE_border="1" KDE_finefactor="1.0000000000000000e+00">
        <Histogram Name="pT_RECO_l1_sig_original" NBins="130" XMin="-1.5906057357788086e+00" XMax="1.9542041778564453e+01" HasEquidistantBins="1">
          0 0 0 0 0 0 0 0 0 1.57225e-06 5.50286e-06 7.6254e-05 0.000243698 0.000387559 0.000478749 0.000508621 0.000491327 0.000469316 0.000362403 0.0003286 0.00029401 0.000246843 0.000205964 0.000158797 0.000152508 0.000118705 0.000106913 7.78262e-05 6.60344e-05 5.34564e-05 4.63813e-05 3.06588e-05 3.06588e-05 3.06588e-05 2.59421e-05 1.33641e-05 1.65086e-05 1.80808e-05 9.43347e-06 7.86123e-06 6.28898e-06 7.0751e-06 5.50286e-06 3.14449e-06 4.71674e-06 1.57225e-06 7.86123e-07 7.86123e-07 2.35837e-06 1.57225e-06 1.57225e-06 3.14449e-06 1.57225e-06 1.57225e-06 0 7.86123e-07 1.57225e-06 0 1.57225e-06 7.86123e-07 7.86123e-07 0 0 7.86123e-07 0 7.86123e-07 7.86123e-07 0 7.86123e-07 7.86123e-07 1.57225e-06 0 0 0 0 0 0 0 0 0 0 0 0 0 0 0 0 0 0 0 0 0 0 0 0 0 0 0 0 0 7.86123e-07 0 0 0 0 0 0 0 0 0 0 0 0 0 0 0 0 0 0 0 0 0 0 0 0 0 0 0 0 0 
        </Histogram>
      </PDF>
    </PDFDescriptor>
    <PDFDescriptor VarIndex="2" ClassIndex="1">
      <PDF Name="LikelihoodD PDF Bkg[2]" MinNSmooth="5" MaxNSmooth="5" InterpolMethod="2" KDE_type="1" KDE_iter="1" KDE_border="1" KDE_finefactor="1.0000000000000000e+00">
        <Histogram Name="pT_RECO_l1_bgd_original" NBins="130" XMin="-1.5906057357788086e+00" XMax="1.9542041778564453e+01" HasEquidistantBins="1">
          0 0 0.000111231 0.000111231 0.000222461 0.000333692 0.00111231 0.00189092 0.00311446 0.004338 0.0103497 0.0282255 0.0650565 0.0934339 0.0956524 0.0904245 0.083989 0.0728784 0.0593346 0.0577563 0.0401357 0.0362059 0.0269642 0.026832 0.020328 0.017669 0.0143855 0.0108366 0.00951762 0.00804536 0.00682183 0.0063769 0.005805 0.00411553 0.0037976 0.00190142 0.00179019 0.00179019 0.00211863 0.00133477 0.001446 0.00100633 0.000561404 0.000889845 0.000895096 0.000444923 0 0.00111231 0.000333692 0.000338943 0.000333692 0.000444923 0.000111231 0.000333692 0.000338943 0.000116482 0.000227712 0 0.000111231 0 0.000222461 0 0 0 0.000333692 0 0.000111231 0 0 0 0 0 0 0 0 0 0 0 0 0 0 0 0 0 0 0 0 0 0 0 0 0 0 0 0 0 0 0 0 0 0.000111231 0 0 0 0 0 0 0 0 0 0 0 0 0 0 0 0 0 0 0 0 0 0 0 0 0 0 0 0 0 
        </Histogram>
      </PDF>
    </PDFDescriptor>
    <PDFDescriptor VarIndex="3" ClassIndex="0">
      <PDF Name="LikelihoodD PDF Sig[3]" MinNSmooth="5" MaxNSmooth="5" InterpolMethod="2" KDE_type="1" KDE_iter="1" KDE_border="1" KDE_finefactor="1.0000000000000000e+00">
        <Histogram Name="pT_RECO_l2_sig_original" NBins="130" XMin="-4.7609486579895020e+00" XMax="1.5387706756591797e+01" HasEquidistantBins="1">
          0 0 0 0 0 0 0 0 7.86123e-07 0 0 7.86123e-07 0 0 0 7.86123e-07 0 1.57225e-06 0 7.86123e-07 1.57225e-06 2.35837e-06 7.86123e-07 7.0751e-06 1.57225e-06 4.71674e-06 1.2578e-05 1.49363e-05 1.96531e-05 2.35837e-05 3.2231e-05 7.23233e-05 7.46817e-05 0.000126566 0.000177664 0.000268854 0.000380484 0.00039542 0.000397778 0.000412715 0.000417432 0.000320738 0.00031838 0.000257849 0.000240554 0.000179236 0.000154866 0.000134427 0.000113988 9.51209e-05 8.56874e-05 5.89592e-05 5.18841e-05 4.55951e-05 3.45894e-05 2.04392e-05 3.2231e-05 1.88669e-05 2.12253e-05 1.2578e-05 1.57225e-05 1.02196e-05 7.86123e-07 1.10057e-05 7.0751e-06 7.86123e-06 3.14449e-06 1.57225e-06 2.35837e-06 7.86123e-07 1.57225e-06 7.86123e-07 7.86123e-07 0 2.35837e-06 7.86123e-07 0 7.86123e-07 0 7.86123e-07 0 7.86123e-07 0 0 7.86123e-07 0 0 0 0 0 0 0 7.86123e-07 0 0 0 0 0 0 0 0 0 0 0 0 0 0 0 0 0 0 0 0 0 0 0 0 0 0 0 0 0 0 0 0 0 0 0 0 0 
        </Histogram>
      </PDF>
    </PDFDescriptor>
    <PDFDescriptor VarIndex="3" ClassIndex="1">
      <PDF Name="LikelihoodD PDF Bkg[3]" MinNSmooth="5" MaxNSmooth="5" InterpolMethod="2" KDE_type="1" KDE_iter="1" KDE_border="1" KDE_finefactor="1.0000000000000000e+00">
        <Histogram Name="pT_RECO_l2_bgd_original" NBins="130" XMin="-4.7609486579895020e+00" XMax="1.5387706756591797e+01" HasEquidistantBins="1">
          0 0 0 0 0 0 0 0 0 0 0 0 0 0 0 0.000111231 0.000111231 0 0.000111231 0.000444923 0.000450174 0.000889845 0.000667384 0.000667384 0.00155723 0.00266954 0.00200215 0.00444923 0.00522784 0.00936438 0.0155828 0.0218328 0.0320556 0.0484641 0.0609471 0.0802835 0.084822 0.0817706 0.0696632 0.0619306 0.0517289 0.0476196 0.0409616 0.0344262 0.0290136 0.0219903 0.0196019 0.017774 0.0110529 0.00926269 0.00909895 0.00628143 0.00666763 0.00585226 0.00559304 0.00313546 0.00269054 0.00213439 0.00204416 0.00124454 0.00225087 0.00123929 0.000783866 0.000566655 0.000900347 0.000778615 0.000778615 0.000444923 0.000566655 0.000227712 0.000121733 0.000111231 0.000116482 0.000111231 5.25098e-06 0.000444923 0 0.000116482 0.000116482 0 0.000111231 0.000222461 0.000222461 0.000111231 0.000111231 0 0.000111231 0 0 0 0 0 0 0 0 0 0 0 0 0 0.000111231 0 0 0 0 0 0 0 0 0 0 0 0 0 0 0 0 0 0 0 0 0 0 0 0 0 0 0 0 0 
        </Histogram>
      </PDF>
    </PDFDescriptor>
    <PDFDescriptor VarIndex="4" ClassIndex="0">
      <PDF Name="LikelihoodD PDF Sig[4]" MinNSmooth="5" MaxNSmooth="5" InterpolMethod="2" KDE_type="1" KDE_iter="1" KDE_border="1" KDE_finefactor="1.0000000000000000e+00">
        <Histogram Name="eta_RECO_l1_sig_original" NBins="130" XMin="-4.1527361869812012e+00" XMax="5.3177199363708496e+00" HasEquidistantBins="1">
          0 0 0 0 0 0 0 0 0 7.86123e-07 0 0 0 0 7.86123e-07 7.86123e-07 0 0 7.86123e-07 3.14449e-06 2.35837e-06 3.93061e-06 3.14449e-06 8.64735e-06 5.50286e-06 1.2578e-05 1.10057e-05 1.65086e-05 1.10057e-05 1.33641e-05 1.80808e-05 3.06588e-05 3.38033e-05 2.67282e-05 3.06588e-05 3.61617e-05 4.40229e-05 4.16645e-05 5.81731e-05 5.7387e-05 7.86123e-05 7.70401e-05 8.49013e-05 8.09707e-05 9.90515e-05 0.000102982 9.11903e-05 0.000112416 0.000112416 0.000118705 0.000128924 0.000132069 0.000135213 0.00012578 0.000142288 0.000132855 0.000160369 0.00013993 0.000138358 0.000146219 0.000150936 0.000121849 0.000141502 0.000133641 0.000132069 0.000139144 0.000124994 0.000112416 0.000113202 0.000117132 0.00011163 8.41152e-05 9.90515e-05 7.70401e-05 9.11903e-05 6.05315e-05 5.18841e-05 6.3676e-05 4.71674e-05 3.93062e-05 4.4809e-05 3.53755e-05 2.20114e-05 3.45894e-05 2.43698e-05 2.43698e-05 1.80808e-05 1.80808e-05 1.10057e-05 1.41502e-05 1.10057e-05 8.64735e-06 3.93061e-06 5.50286e-06 1.57225e-06 5.50286e-06 2.35837e-06 3.14449e-06 7.86123e-07 7.86123e-07 0 0 1.57225e-06 0 7.86123e-07 0 0 0 0 7.86123e-07 0 0 0 0 0 0 0 0 0 0 0 0 0 0 0 0 0 0 0 0 
        </Histogram>
      </PDF>
    </PDFDescriptor>
    <PDFDescriptor VarIndex="4" ClassIndex="1">
      <PDF Name="LikelihoodD PDF Bkg[4]" MinNSmooth="5" MaxNSmooth="5" InterpolMethod="2" KDE_type="1" KDE_iter="1" KDE_border="1" KDE_finefactor="1.0000000000000000e+00">
        <Histogram Name="eta_RECO_l1_bgd_original" NBins="130" XMin="-4.1527361869812012e+00" XMax="5.3177199363708496e+00" HasEquidistantBins="1">
          0 0 0 0 0 0 0 0 0 0 0 0 0 0 0 0 0 0 0 0 0 0 0 0.000222461 0.000667384 0.0020074 0.00225612 0.00267479 0.00314071 0.004359 0.00426877 0.00536008 0.00548181 0.00380285 0.00673685 0.00683758 0.00714502 0.00863302 0.0108471 0.0141841 0.0131138 0.0135377 0.0141148 0.0176952 0.017457 0.0172556 0.0202483 0.018818 0.0211382 0.0223985 0.0237175 0.023495 0.0231289 0.0255664 0.0251363 0.023643 0.0232883 0.0241677 0.02528 0.0251845 0.0251267 0.0230343 0.0239137 0.022303 0.0213606 0.0229284 0.0217416 0.021943 0.0221077 0.0173615 0.0190248 0.0183574 0.0163394 0.0149407 0.0152429 0.0133362 0.0135219 0.0120812 0.00906744 0.00888699 0.00663087 0.00697506 0.00648288 0.00539158 0.00503688 0.00557729 0.00369687 0.00414179 0.00369162 0.00278602 0.00211338 0.00133477 0.00122354 0.000222461 0 0 0 0 0 0 0 0 0 0 0 0 0 0 0 0 0 0 0 0 0 0 0 0 0 0 0 0 0 0 0 0 0 0 0 0 
        </Histogram>
      </PDF>
    </PDFDescriptor>
    <PDFDescriptor VarIndex="5" ClassIndex="0">
      <PDF Name="LikelihoodD PDF Sig[5]" MinNSmooth="5" MaxNSmooth="5" InterpolMethod="2" KDE_type="1" KDE_iter="1" KDE_border="1" KDE_finefactor="1.0000000000000000e+00">
        <Histogram Name="eta_RECO_l2_sig_original" NBins="130" XMin="-4.5878019332885742e+00" XMax="4.2337241172790527e+00" HasEquidistantBins="1">
          0 0 0 0 7.86123e-07 0 0 0 0 0 0 0 0 0 0 0 0 0 0 0 0 7.86123e-07 0 0 7.86123e-07 1.57225e-06 5.50286e-06 1.57225e-06 1.57225e-06 5.50286e-06 4.71674e-06 5.50286e-06 1.17918e-05 8.64735e-06 1.57225e-05 1.41502e-05 2.51559e-05 2.20114e-05 3.2231e-05 2.51559e-05 3.38033e-05 3.852e-05 4.4809e-05 4.00923e-05 5.50286e-05 6.05315e-05 6.3676e-05 6.68205e-05 6.21037e-05 8.09707e-05 7.38956e-05 8.09707e-05 8.33291e-05 0.000100624 8.41152e-05 0.000113988 0.00011556 0.000117919 0.000117919 0.000113988 0.000132069 0.000110057 0.000113202 0.00012578 0.00015015 0.000133641 0.00012578 0.000138358 0.00012971 0.000135213 0.000132855 0.000124994 0.000136785 0.000102982 0.000121849 0.000123421 0.000106913 9.43348e-05 9.74793e-05 9.04042e-05 9.04042e-05 8.33291e-05 8.09707e-05 8.2543e-05 5.7387e-05 5.7387e-05 5.81731e-05 5.26703e-05 4.79535e-05 4.95258e-05 4.32368e-05 3.69478e-05 3.77339e-05 3.2231e-05 2.67282e-05 2.43698e-05 2.04392e-05 1.72947e-05 1.17918e-05 1.49363e-05 1.41502e-05 3.93061e-06 6.28898e-06 2.35837e-06 7.86123e-07 7.86123e-07 7.86123e-07 0 0 1.57225e-06 7.86123e-07 7.86123e-07 7.86123e-07 7.86123e-07 0 0 0 0 0 0 0 0 0 0 0 0 0 0 0 0 
        </Histogram>
      </PDF>
    </PDFDescriptor>
    <PDFDescriptor VarIndex="5" ClassIndex="1">
      <PDF Name="LikelihoodD PDF Bkg[5]" MinNSmooth="5" MaxNSmooth="5" InterpolMethod="2" KDE_type="1" KDE_iter="1" KDE_border="1" KDE_finefactor="1.0000000000000000e+00">
        <Histogram Name="eta_RECO_l2_bgd_original" NBins="130" XMin="-4.5878019332885742e+00" XMax="4.2337241172790527e+00" HasEquidistantBins="1">
          0 0 0 0 0 0 0 0 0 0 0 0 0 0 0 0 0 0 0 0 0 0 0 0 0 0 0 0 0 0 0 0 0.000444923 0.00122354 0.00234109 0.00391408 0.00314071 0.00425302 0.00404631 0.00493091 0.00570952 0.00559829 0.00537058 0.00662037 0.00797614 0.00885023 0.00728775 0.00985656 0.0110319 0.0107412 0.0155398 0.0128703 0.0148987 0.0147822 0.019094 0.0168054 0.0184371 0.0204708 0.0187436 0.01939 0.0209262 0.0200468 0.0238182 0.0237385 0.0207037 0.0237227 0.0215883 0.0212704 0.0232516 0.023622 0.0209367 0.0242421 0.0228014 0.0211329 0.0231403 0.0211749 0.0209787 0.0217898 0.0210961 0.0155608 0.0182251 0.0170121 0.0177697 0.0153646 0.0148934 0.0151789 0.0141841 0.0132302 0.0101053 0.0096656 0.00853754 0.00849029 0.00581025 0.00693306 0.00438525 0.00624992 0.00537583 0.00624992 0.00495191 0.00302948 0.00380285 0.00245758 0.00234109 0.000556153 0.000222461 0 0 0 0 0 0 0 0 0 0 0 0 0 0 0 0 0 0 0 0 0 0 0 0 0 
        </Histogram>
      </PDF>
    </PDFDescriptor>
    <PDFDescriptor VarIndex="6" ClassIndex="0">
      <PDF Name="LikelihoodD PDF Sig[6]" MinNSmooth="5" MaxNSmooth="5" InterpolMethod="2" KDE_type="1" KDE_iter="1" KDE_border="1" KDE_finefactor="1.0000000000000000e+00">
        <Histogram Name="eta_RECO_l1_eta_RECO_l2_sig_original" NBins="130" XMin="-4.8201513290405273e+00" XMax="7.0198473930358887e+00" HasEquidistantBins="1">
          0 0 0 0 0 0 0 0 0 0 0 0 0 0 0 0 0 0 0 0 0 0 0 0 0 0 0 0 0 0 0 0 0 0 0 0 7.86123e-07 0 0 7.86123e-07 0 0 1.57225e-06 1.57225e-06 7.86123e-07 1.57225e-06 1.57225e-06 3.93061e-06 8.64735e-06 8.64735e-06 2.20114e-05 5.50286e-05 0.000247629 0.000509407 0.000536134 0.000466171 0.000338033 0.000282218 0.000257849 0.000201248 0.000197317 0.000145433 0.000156439 0.000117132 0.000108485 0.000106913 0.000121849 9.27626e-05 7.70401e-05 7.31095e-05 7.07511e-05 7.38956e-05 6.21037e-05 5.50286e-05 5.1098e-05 4.4809e-05 5.1098e-05 3.852e-05 4.32368e-05 2.83004e-05 2.90866e-05 3.2231e-05 2.83004e-05 3.06588e-05 2.59421e-05 2.98727e-05 2.83004e-05 2.35837e-05 2.35837e-05 1.96531e-05 1.33641e-05 1.80808e-05 1.80808e-05 2.04392e-05 9.43347e-06 1.33641e-05 1.72947e-05 1.41502e-05 4.71674e-06 7.0751e-06 7.86123e-06 5.50286e-06 1.02196e-05 5.50286e-06 3.93061e-06 2.35837e-06 3.93061e-06 2.35837e-06 2.35837e-06 7.86123e-07 0 7.86123e-07 1.57225e-06 1.57225e-06 0 7.86123e-07 0 0 0 0 0 0 0 0 0 0 0 0 0 0 
        </Histogram>
      </PDF>
    </PDFDescriptor>
    <PDFDescriptor VarIndex="6" ClassIndex="1">
      <PDF Name="LikelihoodD PDF Bkg[6]" MinNSmooth="5" MaxNSmooth="5" InterpolMethod="2" KDE_type="1" KDE_iter="1" KDE_border="1" KDE_finefactor="1.0000000000000000e+00">
        <Histogram Name="eta_RECO_l1_eta_RECO_l2_bgd_original" NBins="130" XMin="-4.8201513290405273e+00" XMax="7.0198473930358887e+00" HasEquidistantBins="1">
          0 0 0 0 0 0 0 0 0 0 0 0 0.000111231 0 0.000111231 0.000222461 0 0 0.000111231 0.000111231 0.000111231 0.000222461 0.000111231 0.000116482 0.000450174 0.000450174 0.000222461 0.000450174 0.000450174 0.000783866 0.000895096 0.000783866 0.00134002 0.00112806 0.00124454 0.00178494 0.00324669 0.00392458 0.00392983 0.00532236 0.0096551 0.0110056 0.0144695 0.0224142 0.0358145 0.05522 0.0805857 0.0842563 0.070004 0.0541034 0.0457192 0.0367105 0.0373244 0.0309213 0.0277323 0.0267952 0.0213501 0.022134 0.0190195 0.0156931 0.0135534 0.0131987 0.0134632 0.0121977 0.0119962 0.010418 0.00939588 0.00853754 0.00731926 0.00639791 0.00551331 0.00648814 0.00439576 0.002934 0.00427402 0.00336317 0.0032782 0.0027273 0.00279652 0.00302423 0.00215539 0.00313546 0.00226137 0.00193293 0.00179019 0.00203891 0.00202316 0.00112806 0.00113856 0.00136102 0.00125504 0.00069889 0.000799618 0.00123929 0.000349445 0.000354696 0.000460676 0.000222461 0.00081012 0.000571906 0.000121733 0.000672635 0.000471178 0.000556153 0.000455425 0.000349445 0.000349445 0.000450174 0.000243465 0 0.000116482 5.25098e-06 0.000444923 0.000338943 0.000116482 0.000222461 0.000111231 5.25098e-06 0 0 0.000111231 0.000111231 0 0 0 0.000116482 0 0 0 0 
        </Histogram>
      </PDF>
    </PDFDescriptor>
    <PDFDescriptor VarIndex="7" ClassIndex="0">
      <PDF Name="LikelihoodD PDF Sig[7]" MinNSmooth="5" MaxNSmooth="5" InterpolMethod="2" KDE_type="1" KDE_iter="1" KDE_border="1" KDE_finefactor="1.0000000000000000e+00">
        <Histogram Name="Deta_RECO_l12_sig_original" NBins="130" XMin="-1.6998962402343750e+01" XMax="1.5344879150390625e+01" HasEquidistantBins="1">
          0 0 0 0 0 0 0 0 0 0 0 0 0 0 0 0 0 0 0 0 0 0 0 0 0 0 0 0 0 0 0 0 0 0 0 0 0 0 0 0 0 0 0 0 7.86123e-07 0 0 0 0 0 0 0 0 0 0 0 0 0 0 0 0 0 0 0 0 3.93061e-06 3.93061e-06 4.71674e-06 1.41502e-05 3.2231e-05 6.21037e-05 0.000128138 0.0001926 0.000253918 0.000302658 0.000341964 0.000402495 0.000441801 0.000605311 0.000698856 0.000529846 0.000354542 0.00020675 0.00015408 0.000109271 7.93985e-05 6.13176e-05 3.38033e-05 2.90866e-05 2.51559e-05 1.41502e-05 1.10057e-05 6.28898e-06 3.14449e-06 3.14449e-06 0 2.35837e-06 1.57225e-06 0 3.14449e-06 0 0 0 0 0 0 0 0 0 0 0 0 0 0 0 0 0 0 0 0 0 0 0 0 0 0 0 0 0 0 
        </Histogram>
      </PDF>
    </PDFDescriptor>
    <PDFDescriptor VarIndex="7" ClassIndex="1">
      <PDF Name="LikelihoodD PDF Bkg[7]" MinNSmooth="5" MaxNSmooth="5" InterpolMethod="2" KDE_type="1" KDE_iter="1" KDE_border="1" KDE_finefactor="1.0000000000000000e+00">
        <Histogram Name="Deta_RECO_l12_bgd_original" NBins="130" XMin="-1.6998962402343750e+01" XMax="1.5344879150390625e+01" HasEquidistantBins="1">
          0 0 0 0 0 0 0 0 0 0 0 0 0 0 0 0 0 0 0 0 0 0 0 0 0 0 0 0 0 0 0 0 0 0 0 0 0 0 0 0 0 0 0 0 0 0 0 0 0 0 0 0 0 0 0 0 0.000111231 0 0.000111231 0.000111231 0.000111231 0.000222461 0 0.000111231 0.000222461 0 0.000333692 0.000222461 0.000667384 0.000444923 0.000778615 0.00189092 0.00931616 0.0229494 0.0338815 0.0411692 0.0490078 0.0527625 0.062724 0.0673852 0.0813204 0.0868599 0.0932702 0.0978043 0.0810463 0.0590877 0.0344114 0.0230764 0.0103865 0.00572002 0.00226137 0.00168946 0.000587659 0.00101683 0.000794368 0.000126984 0.000126984 0.000116482 0.000111231 0.000116482 5.25098e-06 0.000121733 0.000111231 0.000116482 0 0 0 0 0 0 0 0 0 0 0 0 0 0 0.000111231 0 0 0 0 0 0 0 0 0 0 0 
        </Histogram>
      </PDF>
    </PDFDescriptor>
    <PDFDescriptor VarIndex="8" ClassIndex="0">
      <PDF Name="LikelihoodD PDF Sig[8]" MinNSmooth="5" MaxNSmooth="5" InterpolMethod="2" KDE_type="1" KDE_iter="1" KDE_border="1" KDE_finefactor="1.0000000000000000e+00">
        <Histogram Name="Dphi_RECO_l12_sig_original" NBins="130" XMin="-2.6223028182983398e+01" XMax="9.5440301895141602e+00" HasEquidistantBins="1">
          0 0 0 0 0 0 0 0 0 0 0 0 0 0 0 0 0 0 0 0 0 0 0 0 0 0 0 0 0 0 0 0 0 0 0 0 0 0 0 0 0 0 0 0 0 0 0 0 0 0 0 0 0 0 0 0 0 0 0 0 0 0 0 0 0 0 0 7.86123e-07 7.86123e-07 0 0 0 0 0 0 7.86123e-07 0 0 0 0 0 0 0 0 0 0 0 0 7.86123e-07 2.35837e-06 1.57225e-06 4.71674e-06 1.41502e-05 2.12253e-05 4.08784e-05 5.03119e-05 8.80458e-05 0.000127352 0.000197317 0.000308947 0.000474032 0.000856075 0.00110685 0.000558145 0.000345894 0.000246057 0.000150936 0.000124207 9.19764e-05 7.15372e-05 5.50286e-05 5.18841e-05 3.69478e-05 3.852e-05 2.51559e-05 1.33641e-05 9.43347e-06 0 0 0 0 0 0 0 7.86123e-07 7.86123e-07 0 0 0 0 
        </Histogram>
      </PDF>
    </PDFDescriptor>
    <PDFDescriptor VarIndex="8" ClassIndex="1">
      <PDF Name="LikelihoodD PDF Bkg[8]" MinNSmooth="5" MaxNSmooth="5" InterpolMethod="2" KDE_type="1" KDE_iter="1" KDE_border="1" KDE_finefactor="1.0000000000000000e+00">
        <Histogram Name="Dphi_RECO_l12_bgd_original" NBins="130" XMin="-2.6223028182983398e+01" XMax="9.5440301895141602e+00" HasEquidistantBins="1">
          0 0 0 0 0 0 0 0 0 0 0 0 0 0 0 0 0 0 0 0 0 0 0 0 0 0 0 0 0 0 0 0 0 0 0 0 0 0 0 0 0 0 0 0 0 0 0 0 0 0 0 0 0 0 0 0 0 0 0 0 0 0 0 0 0 0 0 0 0 0 0 0 0 0 0 0 0 0 0 0 0 0 0 0 0 0.000111231 0.000111231 0 0.000333692 0.000444923 0.000222461 0.000778615 0.00155723 0.00133477 0.00211338 0.00189092 0.00389307 0.0092689 0.0242044 0.0381589 0.0497678 0.0577621 0.0677413 0.0793154 0.0955315 0.0945963 0.0971021 0.0841521 0.075217 0.0644382 0.0465837 0.0227279 0.00468219 0.000778615 0 0.000111231 0 0 0 0 0 0 0 0 0 0 0 0 0 0 
        </Histogram>
      </PDF>
    </PDFDescriptor>
    <PDFDescriptor VarIndex="9" ClassIndex="0">
      <PDF Name="LikelihoodD PDF Sig[9]" MinNSmooth="5" MaxNSmooth="5" InterpolMethod="2" KDE_type="1" KDE_iter="1" KDE_border="1" KDE_finefactor="1.0000000000000000e+00">
        <Histogram Name="Mll_sig_original" NBins="130" XMin="-3.0366401672363281e+00" XMax="3.6310104370117188e+01" HasEquidistantBins="1">
          0 0 0 0 0 0 0 0 3.14449e-06 4.71674e-06 3.77339e-05 0.000277502 0.000457524 0.000553429 0.000606097 0.000609241 0.0005833 0.000512552 0.000434726 0.0003569 0.000252346 0.000169017 0.000114774 6.60344e-05 3.30172e-05 2.04392e-05 7.0751e-06 7.86123e-06 3.14449e-06 1.57225e-06 7.86123e-07 7.86123e-07 0 7.86123e-07 0 7.86123e-07 0 0 0 0 0 0 0 0 0 0 0 7.86123e-07 0 0 0 0 0 0 0 0 7.86123e-07 0 0 0 0 0 0 0 0 0 0 0 0 7.86123e-07 0 0 0 0 0 0 0 0 0 0 0 0 0 0 0 0 0 0 0 0 0 0 0 0 0 0 0 0 0 0 0 0 0 0 0 0 0 0 0 0 0 0 0 0 0 0 0 0 0 0 0 0 0 0 0 0 0 0 0 0 
        </Histogram>
      </PDF>
    </PDFDescriptor>
    <PDFDescriptor VarIndex="9" ClassIndex="1">
      <PDF Name="LikelihoodD PDF Bkg[9]" MinNSmooth="5" MaxNSmooth="5" InterpolMethod="2" KDE_type="1" KDE_iter="1" KDE_border="1" KDE_finefactor="1.0000000000000000e+00">
        <Histogram Name="Mll_bgd_original" NBins="130" XMin="-3.0366401672363281e+00" XMax="3.6310104370117188e+01" HasEquidistantBins="1">
          0.000111231 0 0.000222461 0.000450174 0.000349445 0.00157298 0.00351641 0.00558683 0.0214451 0.057366 0.104225 0.176631 0.164953 0.116648 0.0826441 0.0533907 0.0381574 0.0286976 0.0175745 0.0139038 0.0083423 0.00778615 0.00567276 0.00344815 0.00323094 0.00200215 0.00166846 0.00100108 0.000333692 0.00122354 0.00133477 0.000333692 0.000222461 0 0.000222461 0.000111231 0 0.000111231 0.000333692 0.000111231 0 0 0 0 0 0 0 0 0 0 0 0 0 0 0 0 0 0 0 0 0 0 0 0 0 0 0 0 0 0 0 0 0 0 0 0 0 0 0 0 0 0 0 0 0 0 0 0 0 0 0 0 0 0 0 0 0 0 0 0 0 0 0 0 0 0 0 0 0 0 0 0 0 0 0 0 0 0 0 0 0 0 0 0 0 0 0 0 0 0 
        </Histogram>
      </PDF>
    </PDFDescriptor>
    <PDFDescriptor VarIndex="10" ClassIndex="0">
      <PDF Name="LikelihoodD PDF Sig[10]" MinNSmooth="5" MaxNSmooth="5" InterpolMethod="2" KDE_type="1" KDE_iter="1" KDE_border="1" KDE_finefactor="1.0000000000000000e+00">
        <Histogram Name="charge_RECO_l1_charge_RECO_l2_sig_original" NBins="130" XMin="-6.9232664108276367e+00" XMax="5.1868958473205566e+00" HasEquidistantBins="1">
          0 0 0 0 0 0 0 0 0 0 0 0 0 0 0 0 0 0 0 0 0 1.57225e-06 2.35837e-06 1.72947e-05 9.19764e-05 0.000221687 0.000430796 0.00102352 0.00200699 0.00122477 3.14449e-05 7.86123e-07 7.86123e-07 0 0 0 0 0 0 0 0 0 0 0 0 0 0 0 0 0 0 0 0 0 0 0 0 0 0 0 0 0 0 0 0 0 0 0 0 0 0 0 0 0 0 0 0 0 0 0 0 0 0 0 0 0 0 0 0 0 0 0 0 0 0 0 0 0 0 0 0 0 0 0 0 0 0 0 0 0 0 0 0 7.86123e-07 0 0 0 7.86123e-07 0 0 0 2.35837e-06 1.17918e-05 8.64735e-06 1.02196e-05 1.17918e-05 1.57225e-05 1.57225e-06 0 0 
        </Histogram>
      </PDF>
    </PDFDescriptor>
    <PDFDescriptor VarIndex="10" ClassIndex="1">
      <PDF Name="LikelihoodD PDF Bkg[10]" MinNSmooth="5" MaxNSmooth="5" InterpolMethod="2" KDE_type="1" KDE_iter="1" KDE_border="1" KDE_finefactor="1.0000000000000000e+00">
        <Histogram Name="charge_RECO_l1_charge_RECO_l2_bgd_original" NBins="130" XMin="-6.9232664108276367e+00" XMax="5.1868958473205566e+00" HasEquidistantBins="1">
          0 0 0 0 0 0 0 0 0 0 0 0 0 0 0 0 0 0 0 0 0 0 0 0 0 0 0 0 0 0 0 0 0 0 0 0 0 0 0 0 0 0 0 0 0 0 0 0 0 0 0 0 0 0 0 0 0 0 0 0 0 0 0.0714001 0.290546 0.217289 0.0967702 0.0459383 0.0206889 0.0122406 0.00522784 0.00322569 0.00111231 0.000778615 0.000556153 0.000222461 0.000111231 0 0.000111231 0 0 0 0 0 0 0 0 0 0 0 0 0.00457096 0.0433108 0.0655515 0.0270396 0.00989953 0.00556678 0.001446 0.000667384 0.000333692 0.000111231 0.000222461 0 0 0 0 0 0 0 0 0 0 0 0 0 0 0 0 0 0 0 0 0 0 0 0 0 0 0 0 0 
        </Histogram>
      </PDF>
    </PDFDescriptor>
  </Weights>
</MethodSetup>
