<?xml version="1.0"?>
<MethodSetup Method="BDT::BDTD">
  <GeneralInfo>
    <Info name="TMVA Release" value="4.0.4 [262148]"/>
    <Info name="ROOT Release" value="5.27/03 [334595]"/>
    <Info name="Creator" value="andrea"/>
    <Info name="Date" value="Fri Sep  3 15:10:00 2010"/>
    <Info name="Host" value="Linux andrea-laptop 2.6.32-21-generic #32-Ubuntu SMP Fri Apr 16 08:10:02 UTC 2010 i686 GNU/Linux"/>
    <Info name="Dir" value="/home/andrea/Cern/Code/VBF/qqHWW/AnalysisPackage_qqHWWlnulnu"/>
    <Info name="Training events" value="15884"/>
    <Info name="TrainingTime" value="22.3357"/>
    <Info name="AnalysisType" value="Classification"/>
  </GeneralInfo>
  <Options>
    <Option name="V" modified="Yes">False</Option>
    <Option name="VerbosityLevel" modified="No">Default</Option>
    <Option name="VarTransform" modified="Yes">Decorrelate</Option>
    <Option name="H" modified="Yes">False</Option>
    <Option name="CreateMVAPdfs" modified="No">False</Option>
    <Option name="IgnoreNegWeightsInTraining" modified="No">False</Option>
    <Option name="NTrees" modified="Yes">300</Option>
    <Option name="BoostType" modified="Yes">AdaBoost</Option>
    <Option name="AdaBoostR2Loss" modified="No">quadratic</Option>
    <Option name="UseBaggedGrad" modified="No">False</Option>
    <Option name="GradBaggingFraction" modified="No">6.000000e-01</Option>
    <Option name="Shrinkage" modified="No">1.000000e+00</Option>
    <Option name="AdaBoostBeta" modified="No">1.000000e+00</Option>
    <Option name="UseRandomisedTrees" modified="No">False</Option>
    <Option name="UseNvars" modified="No">3</Option>
    <Option name="UseNTrainEvents" modified="No">15884</Option>
    <Option name="UseWeightedTrees" modified="No">True</Option>
    <Option name="UseYesNoLeaf" modified="No">True</Option>
    <Option name="NodePurityLimit" modified="No">5.000000e-01</Option>
    <Option name="SeparationType" modified="Yes">giniindex</Option>
    <Option name="nEventsMin" modified="Yes">400</Option>
    <Option name="nCuts" modified="Yes">20</Option>
    <Option name="PruneStrength" modified="No">-1.000000e+00</Option>
    <Option name="PruneMethod" modified="Yes">nopruning</Option>
    <Option name="PruneBeforeBoost" modified="No">False</Option>
    <Option name="PruningValFraction" modified="No">5.000000e-01</Option>
    <Option name="NNodesMax" modified="No">100000</Option>
    <Option name="MaxDepth" modified="Yes">4</Option>
  </Options>
  <Variables NVar="11">
    <Variable VarIndex="0" Expression="pdgId_RECO_l1" Label="pdgId_RECO_l1" Title="pdgId_RECO_l1" Unit="" Internal="pdgId_RECO_l1" Type="I" Min="11" Max="13"/>
    <Variable VarIndex="1" Expression="pdgId_RECO_l2" Label="pdgId_RECO_l2" Title="pdgId_RECO_l2" Unit="" Internal="pdgId_RECO_l2" Type="I" Min="11" Max="13"/>
    <Variable VarIndex="2" Expression="pT_RECO_l1" Label="pT_RECO_l1" Title="pT_RECO_l1" Unit="" Internal="pT_RECO_l1" Type="D" Min="15.3938" Max="459.828"/>
    <Variable VarIndex="3" Expression="pT_RECO_l2" Label="pT_RECO_l2" Title="pT_RECO_l2" Unit="" Internal="pT_RECO_l2" Type="D" Min="15.0025" Max="261.129"/>
    <Variable VarIndex="4" Expression="eta_RECO_l1" Label="eta_RECO_l1" Title="eta_RECO_l1" Unit="" Internal="eta_RECO_l1" Type="D" Min="-2.49519" Max="2.49816"/>
    <Variable VarIndex="5" Expression="eta_RECO_l2" Label="eta_RECO_l2" Title="eta_RECO_l2" Unit="" Internal="eta_RECO_l2" Type="D" Min="-2.49558" Max="2.49063"/>
    <Variable VarIndex="6" Expression="eta_RECO_l1_eta_RECO_l2" Label="eta_RECO_l1_eta_RECO_l2" Title="eta_RECO_l1_eta_RECO_l2" Unit="" Internal="eta_RECO_l1_eta_RECO_l2" Type="D" Min="-5.29619" Max="6.14895"/>
    <Variable VarIndex="7" Expression="Deta_RECO_l12" Label="Deta_RECO_l12" Title="Deta_RECO_l12" Unit="" Internal="Deta_RECO_l12" Type="D" Min="0" Max="4.60514"/>
    <Variable VarIndex="8" Expression="Dphi_RECO_l12" Label="Dphi_RECO_l12" Title="Dphi_RECO_l12" Unit="" Internal="Dphi_RECO_l12" Type="D" Min="0" Max="3.14154"/>
    <Variable VarIndex="9" Expression="Mll" Label="Mll" Title="Mll" Unit="" Internal="Mll" Type="D" Min="-0.0811042" Max="684.36"/>
    <Variable VarIndex="10" Expression="charge_RECO_l1_charge_RECO_l2" Label="charge_RECO_l1_charge_RECO_l2" Title="charge_RECO_l1_charge_RECO_l2" Unit="" Internal="charge_RECO_l1_charge_RECO_l2" Type="D" Min="-1" Max="1"/>
  </Variables>
  <Spectators NSpec="0"/>
  <Transformations NTransformations="1">
    <Transform Name="Decorrelation">
      <Matrix Rows="11" Columns="11">
        1.20345 0.223082 -0.000975546 0.000772385 0.00322166 0.0031311 -0.00198013 0.0111773 -0.00205775 8.48638e-05 0.0116239 0.223082 1.1847 0.000999769 -0.000625015 0.00494274 -0.00523145 -0.0183365 -0.00381335 0.00916969 -0.00168927 0.0199268 -0.000975546 0.000999769 0.0466251 -0.0211168 -0.00158816 -0.000254115 -0.000859758 0.0156121 0.023063 -0.00801685 0.00134341 0.000772385 -0.000625015 -0.0211168 0.0766106 0.000847453 -0.000400969 0.00144256 0.0310204 0.0288644 0.00156277 0.00019028 0.00322166 0.00494274 -0.00158816 0.000847453 1.43748 -0.629163 0.00120473 0.0194862 -0.0304045 0.00177905 -0.00270037 0.0031311 -0.00523145 -0.000254115 -0.000400969 -0.629163 1.31244 0.00219966 -0.0285103 0.0118155 -0.000465475 0.00696186 -0.00198013 -0.0183365 -0.000859758 0.00144256 0.00120473 0.00219966 0.905498 0.135951 -0.0303061 0.0058562 -0.0916488 0.0111773 -0.00381335 0.0156121 0.0310204 0.0194862 -0.0285103 0.135951 3.34746 0.879636 -0.0538096 0.0309502 -0.00205775 0.00916969 0.023063 0.0288644 -0.0304045 0.0118155 -0.0303061 0.879636 2.37346 -0.0682288 0.0777892 8.48638e-05 -0.00168927 -0.00801685 0.00156277 0.00177905 -0.000465475 0.0058562 -0.0538096 -0.0682288 0.0560468 -0.00497776 0.0116239 0.0199268 0.00134341 0.00019028 -0.00270037 0.00696186 -0.0916488 0.0309502 0.0777892 -0.00497776 4.55135 
      </Matrix>
      <Matrix Rows="11" Columns="11">
        1.00059 0.0022097 0.000284009 -0.000144184 0.00571726 0.00332464 -0.00940881 -0.0207838 0.0073098 -0.000165714 0.00352393 0.0022097 1.00127 2.41052e-05 0.000882668 0.00245548 -0.00109854 -0.0199371 -0.0299824 0.00162457 1.71255e-05 0.0150082 0.000284009 2.41052e-05 0.0335634 -0.00476005 -0.000322512 -0.000328183 -0.00745222 0.0227294 0.0100948 -0.00742825 -0.000269226 -0.000144184 0.000882668 -0.00476005 0.0730203 0.000830416 0.000895834 -0.0185046 0.0558784 0.0245323 -0.0104334 0.000376773 0.00571726 0.00245548 -0.000322512 0.000830416 1.01645 -0.0499644 -0.00437126 0.0076249 0.0144901 -0.000210819 0.00635624 0.00332464 -0.00109854 -0.000328183 0.000895834 -0.0499644 0.96537 -0.0022459 -0.0151426 -0.00361686 0.000313161 -0.00285883 -0.00940881 -0.0199371 -0.00745222 -0.0185046 -0.00437126 -0.0022459 1.27418 0.331068 -0.106777 0.0125746 0.00443886 -0.0207838 -0.0299824 0.0227294 0.0558784 0.0076249 -0.0151426 0.331068 2.48393 0.492666 -0.034157 -0.0103279 0.0073098 0.00162457 0.0100948 0.0245323 0.0144901 -0.00361686 -0.106777 0.492666 1.43129 -0.0208424 -0.00193957 -0.000165714 1.71255e-05 -0.00742825 -0.0104334 -0.000210819 0.000313161 0.0125746 -0.034157 -0.0208424 0.0195741 0.00211978 0.00352393 0.0150082 -0.000269226 0.000376773 0.00635624 -0.00285883 0.00443886 -0.0103279 -0.00193957 0.00211978 1.33837 
      </Matrix>
      <Matrix Rows="11" Columns="11">
        1.0006 0.00235419 0.000288213 -3.31198e-05 0.00569361 0.00329592 -0.00900211 -0.0204698 0.00649063 -0.000214382 0.00274149 0.00235419 1.00121 3.32759e-05 0.000989056 0.0024492 -0.00113369 -0.0195901 -0.0297047 0.000824643 -3.31695e-05 0.0142012 0.000288213 3.32759e-05 0.0335948 -0.00483586 -0.000326157 -0.000331587 -0.00738103 0.0226283 0.0101028 -0.00741352 -0.000260545 -3.31198e-05 0.000989056 -0.00483586 0.0728678 0.000821086 0.000885387 -0.0182857 0.055488 0.0246429 -0.0103348 0.000508723 0.00569361 0.0024492 -0.000326157 0.000821086 1.0168 -0.0517856 -0.00427234 0.00762157 0.0143862 -0.000206929 0.00634948 0.00329592 -0.00113369 -0.000331587 0.000885387 -0.0517856 0.965568 -0.00214559 -0.015216 -0.00370654 0.000316701 -0.00289069 -0.00900211 -0.0195901 -0.00738103 -0.0182857 -0.00427234 -0.00214559 1.26986 0.330435 -0.105605 0.0124908 0.00464432 -0.0204698 -0.0297047 0.0226283 0.055488 0.00762157 -0.015216 0.330435 2.48148 0.49292 -0.0340337 -0.0100987 0.00649063 0.000824643 0.0101028 0.0246429 0.0143862 -0.00370654 -0.105605 0.49292 1.43181 -0.0209102 -0.00299898 -0.000214382 -3.31695e-05 -0.00741352 -0.0103348 -0.000206929 0.000316701 0.0124908 -0.0340337 -0.0209102 0.0195529 0.00206563 0.00274149 0.0142012 -0.000260545 0.000508723 0.00634948 -0.00289069 0.00464432 -0.0100987 -0.00299898 0.00206563 1.34067 
      </Matrix>
    </Transform>
  </Transformations>
  <MVAPdfs/>
  <Weights NTrees="300" TreeType="0">
    <BinaryTree type="DecisionTree" boostWeight="5.1970237781418964e+00" itree="0">
      <Node pos="s" depth="0" Seq="0" IVar="-1" Cut="3.6657077074050903e-01" cType="1" nS="5.1173311658203602e-03" nB="9.2488342523574829e-01" nEv="9.3000078201293945e-01" nSuw="6.5100000000000000e+03" nBuw="9.3740000000000000e+03" nEvuw="1.5884000000000000e+04" sepI="5.4722246713936329e-03" sepG="-1.0000000000000000e+00" res="-9.9000000000000000e+01" rms="0.0000000000000000e+00" nType="-1" CC="0.0000000000000000e+00"/>
    </BinaryTree>
    <BinaryTree type="DecisionTree" boostWeight="1.4360347690721931e+00" itree="1">
      <Node pos="s" depth="0" Seq="0" IVar="10" Cut="-9.8133903741836548e-01" cType="1" nS="4.6504279971122742e-01" nB="4.6498146653175354e-01" nEv="9.3002426624298096e-01" nSuw="6.5100000000000000e+03" nBuw="9.3740000000000000e+03" nEvuw="1.5884000000000000e+04" sepI="2.5000000000000000e-01" sepG="8.2171328365802765e-02" res="-9.9000000000000000e+01" rms="6.0287484731074594e-32" nType="0" CC="0.0000000000000000e+00">
        <Node pos="l" depth="1" Seq="0" IVar="9" Cut="3.2545113563537598e-01" cType="1" nS="4.4539794325828552e-01" nB="1.8758016824722290e-01" nEv="6.3291448354721069e-01" nSuw="6.2350000000000000e+03" nBuw="4.3480000000000000e+03" nEvuw="1.0583000000000000e+04" sepI="2.0852480828762054e-01" sepG="1.4096889644861221e-02" res="-9.9000000000000000e+01" rms="5.6967371466838092e-32" nType="0" CC="6.7941907996702964e-253">
          <Node pos="l" depth="2" Seq="0" IVar="-1" Cut="1.5717723369598389e+00" cType="0" nS="3.4117233753204346e-01" nB="8.0365240573883057e-02" nEv="4.2153447866439819e-01" nSuw="4.7760000000000000e+03" nBuw="2.1850000000000000e+03" nEvuw="6.9610000000000000e+03" sepI="1.5430125594139099e-01" sepG="-1.0000000000000000e+00" res="-9.9000000000000000e+01" rms="4.1125142574310303e-01" nType="1" CC="4.0457255359898549e-11"/>
          <Node pos="r" depth="2" Seq="2" IVar="0" Cut="1.1066492080688477e+01" cType="1" nS="1.0421978682279587e-01" nB="1.0721548646688461e-01" nEv="2.1143767237663269e-01" nSuw="1.4590000000000000e+03" nBuw="2.1630000000000000e+03" nEvuw="3.6220000000000000e+03" sepI="2.4994981288909912e-01" sepG="2.9070905875414610e-03" res="-9.9000000000000000e+01" rms="6.6498937940141660e-32" nType="0" CC="1.9637069216165421e-252">
            <Node pos="l" depth="3" Seq="2" IVar="9" Cut="5.7266438007354736e-01" cType="1" nS="7.6932936906814575e-02" nB="5.4767616093158722e-02" nEv="1.3170143961906433e-01" nSuw="1.0770000000000000e+03" nBuw="1.0870000000000000e+03" nEvuw="2.1640000000000000e+03" sepI="2.4291869997978210e-01" sepG="1.2108699884265661e-03" res="-9.9000000000000000e+01" rms="1.2331426486058390e-43" nType="0" CC="1.0000000000000000e+05">
              <Node pos="l" depth="4" Seq="2" IVar="-1" Cut="0.0000000000000000e+00" cType="1" nS="5.1645655184984207e-02" nB="2.6135588064789772e-02" nEv="7.7781699597835541e-02" nSuw="7.2300000000000000e+02" nBuw="5.3500000000000000e+02" nEvuw="1.2580000000000000e+03" sepI="2.2310860455036163e-01" sepG="-1.0000000000000000e+00" res="-9.9000000000000000e+01" rms="0.0000000000000000e+00" nType="1" CC="0.0000000000000000e+00"/>
              <Node pos="r" depth="4" Seq="10" IVar="-1" Cut="0.0000000000000000e+00" cType="1" nS="2.5287084281444550e-02" nB="2.8631439432501793e-02" nEv="5.3918845951557159e-02" nSuw="3.5400000000000000e+02" nBuw="5.5200000000000000e+02" nEvuw="9.0600000000000000e+02" sepI="2.4903818964958191e-01" sepG="-1.0000000000000000e+00" res="-9.9000000000000000e+01" rms="0.0000000000000000e+00" nType="-1" CC="0.0000000000000000e+00"/>
            </Node>
            <Node pos="r" depth="3" Seq="6" IVar="-1" Cut="1.1140552520751953e+01" cType="1" nS="2.7287192642688751e-02" nB="5.2447371184825897e-02" nEv="7.9734414815902710e-02" nSuw="3.8200000000000000e+02" nBuw="1.0760000000000000e+03" nEvuw="1.4580000000000000e+03" sepI="2.2510717809200287e-01" sepG="-1.0000000000000000e+00" res="-9.9000000000000000e+01" rms="6.6501524027713469e-32" nType="-1" CC="8.8441667558023361e-316"/>
          </Node>
        </Node>
        <Node pos="r" depth="1" Seq="1" IVar="-1" Cut="9.7230929136276245e-01" cType="1" nS="1.9643921405076981e-02" nB="2.7744281291961670e-01" nEv="2.9708290100097656e-01" nSuw="2.7500000000000000e+02" nBuw="5.0260000000000000e+03" nEvuw="5.3010000000000000e+03" sepI="6.1749741435050964e-02" sepG="-1.0000000000000000e+00" res="-9.9000000000000000e+01" rms="1.0931164741516113e+01" nType="-1" CC="1.4283786041358439e+07"/>
      </Node>
    </BinaryTree>
    <BinaryTree type="DecisionTree" boostWeight="8.7598124528588062e-01" itree="2">
      <Node pos="s" depth="0" Seq="0" IVar="9" Cut="9.3192815780639648e-01" cType="1" nS="4.3107008934020996e-01" nB="4.9898955225944519e-01" nEv="9.3005967140197754e-01" nSuw="6.5100000000000000e+03" nBuw="9.3740000000000000e+03" nEvuw="1.5884000000000000e+04" sepI="2.4866676330566406e-01" sepG="2.0379334688186646e-02" res="-9.9000000000000000e+01" rms="5.1707913333585750e-43" nType="0" CC="0.0000000000000000e+00">
        <Node pos="l" depth="1" Seq="0" IVar="1" Cut="1.2960755348205566e+01" cType="1" nS="4.1935876011848450e-01" nB="3.8321369886398315e-01" nEv="8.0258858203887939e-01" nSuw="6.4470000000000000e+03" nBuw="6.0180000000000000e+03" nEvuw="1.2465000000000000e+04" sepI="2.4949292838573456e-01" sepG="1.1863376013934612e-02" res="-9.9000000000000000e+01" rms="2.9591545462608337e-01" nType="0" CC="3.5030717401681147e-07">
          <Node pos="l" depth="2" Seq="0" IVar="3" Cut="1.3229094743728638e+00" cType="0" nS="3.1278139352798462e-01" nB="1.9584217667579651e-01" nEv="5.0863856077194214e-01" nSuw="4.7290000000000000e+03" nBuw="2.9880000000000000e+03" nEvuw="7.7170000000000000e+03" sepI="2.3678499460220337e-01" sepG="3.3059990964829922e-03" res="-9.9000000000000000e+01" rms="3.8511246442794800e-01" nType="0" CC="3.5966259125156019e-08">
            <Node pos="l" depth="3" Seq="0" IVar="-1" Cut="1.7599174752831459e-02" cType="1" nS="1.7360517382621765e-01" nB="7.5371995568275452e-02" nEv="2.4897760152816772e-01" nSuw="3.0680000000000000e+03" nBuw="1.2120000000000000e+03" nEvuw="4.2800000000000000e+03" sepI="2.1108317375183105e-01" sepG="-1.0000000000000000e+00" res="-9.9000000000000000e+01" rms="1.2331426486058390e-43" nType="1" CC="1.0000000000000000e+05"/>
            <Node pos="r" depth="3" Seq="4" IVar="9" Cut="3.6928912997245789e-01" cType="0" nS="1.3916395604610443e-01" nB="1.2046880275011063e-01" nEv="2.5963354110717773e-01" nSuw="1.6610000000000000e+03" nBuw="1.7760000000000000e+03" nEvuw="3.4370000000000000e+03" sepI="2.4870377779006958e-01" sepG="2.9693327378481627e-03" res="-9.9000000000000000e+01" rms="6.6498232643531166e-32" nType="0" CC="7.0858080706367233e-316">
              <Node pos="l" depth="4" Seq="4" IVar="-1" Cut="0.0000000000000000e+00" cType="1" nS="8.9303165674209595e-02" nB="5.1497783511877060e-02" nEv="1.4080193638801575e-01" nSuw="6.7100000000000000e+02" nBuw="1.0440000000000000e+03" nEvuw="1.7150000000000000e+03" sepI="2.3197662830352783e-01" sepG="-1.0000000000000000e+00" res="-9.9000000000000000e+01" rms="7.6751984655857086e-02" nType="1" CC="3.8456468582236528e-12"/>
              <Node pos="r" depth="4" Seq="12" IVar="-1" Cut="0.0000000000000000e+00" cType="1" nS="4.9860853701829910e-02" nB="6.8970173597335815e-02" nEv="1.1883106827735901e-01" nSuw="9.9000000000000000e+02" nBuw="7.3200000000000000e+02" nEvuw="1.7220000000000000e+03" sepI="2.4353496730327606e-01" sepG="-1.0000000000000000e+00" res="-9.9000000000000000e+01" rms="6.6500818731102975e-32" nType="-1" CC="7.0858080706367233e-316"/>
            </Node>
          </Node>
          <Node pos="r" depth="2" Seq="2" IVar="0" Cut="1.1177068710327148e+01" cType="1" nS="1.0655355453491211e-01" nB="1.8738029897212982e-01" nEv="2.9393512010574341e-01" nSuw="1.7180000000000000e+03" nBuw="3.0300000000000000e+03" nEvuw="4.7480000000000000e+03" sepI="2.3109611868858337e-01" sepG="1.4235893264412880e-02" res="-9.9000000000000000e+01" rms="6.6505473688732231e-32" nType="0" CC="7.0858080706367233e-316">
            <Node pos="l" depth="3" Seq="2" IVar="3" Cut="2.1652803421020508e+00" cType="0" nS="1.0655355453491211e-01" nB="1.0822375863790512e-01" nEv="2.1477742493152618e-01" nSuw="1.7180000000000000e+03" nBuw="1.5030000000000000e+03" nEvuw="3.2210000000000000e+03" sepI="2.4998487532138824e-01" sepG="3.6039687693119049e-03" res="-9.9000000000000000e+01" rms="1.0655355453491211e-01" nType="0" CC="1.0783786317598810e-10">
              <Node pos="l" depth="4" Seq="2" IVar="-1" Cut="0.0000000000000000e+00" cType="1" nS="3.1274780631065369e-02" nB="9.7255185246467590e-03" nEv="4.1000261902809143e-02" nSuw="5.6000000000000000e+02" nBuw="1.8600000000000000e+02" nEvuw="7.4600000000000000e+02" sepI="1.8093933165073395e-01" sepG="-1.0000000000000000e+00" res="-9.9000000000000000e+01" rms="8.3260431885719299e-02" nType="1" CC="1.0654989344412085e-10"/>
              <Node pos="r" depth="4" Seq="10" IVar="-1" Cut="0.0000000000000000e+00" cType="1" nS="7.5278662145137787e-02" nB="9.8498135805130005e-02" nEv="1.7377711832523346e-01" nSuw="1.1580000000000000e+03" nBuw="1.3170000000000000e+03" nEvuw="2.4750000000000000e+03" sepI="2.4553664028644562e-01" sepG="-1.0000000000000000e+00" res="-9.9000000000000000e+01" rms="6.6493577685901910e-32" nType="-1" CC="1.9454002820509473e-252"/>
            </Node>
            <Node pos="r" depth="3" Seq="6" IVar="0" Cut="1.3020601272583008e+01" cType="0" nS="0.0000000000000000e+00" nB="7.9154871404170990e-02" nEv="7.9154871404170990e-02" nSuw="0.0000000000000000e+00" nBuw="1.5270000000000000e+03" nEvuw="1.5270000000000000e+03" sepI="0.0000000000000000e+00" sepG="0.0000000000000000e+00" res="-9.9000000000000000e+01" rms="6.6508576993818402e-32" nType="-1" CC="7.0858080706367233e-316"/>
          </Node>
        </Node>
        <Node pos="r" depth="1" Seq="1" IVar="-1" Cut="1.3089042901992798e+00" cType="1" nS="1.1709613725543022e-02" nB="1.1580099910497665e-01" nEv="1.2751123309135437e-01" nSuw="6.3000000000000000e+01" nBuw="3.3560000000000000e+03" nEvuw="3.4190000000000000e+03" sepI="8.3399266004562378e-02" sepG="-1.0000000000000000e+00" res="-9.9000000000000000e+01" rms="6.6489957163301377e-32" nType="-1" CC="7.5450278920755132e-01"/>
      </Node>
    </BinaryTree>
    <BinaryTree type="DecisionTree" boostWeight="4.6236199359303543e-01" itree="3">
      <Node pos="s" depth="0" Seq="0" IVar="9" Cut="9.3192815780639648e-01" cType="1" nS="4.4109508395195007e-01" nB="4.8899608850479126e-01" nEv="9.3009114265441895e-01" nSuw="6.5100000000000000e+03" nBuw="9.3740000000000000e+03" nEvuw="1.5884000000000000e+04" sepI="2.4933689832687378e-01" sepG="8.9020812883973122e-03" res="-9.9000000000000000e+01" rms="6.6553104719827551e-32" nType="0" CC="0.0000000000000000e+00">
        <Node pos="l" depth="1" Seq="0" IVar="6" Cut="1.4049571752548218e+00" cType="0" nS="4.2118039727210999e-01" nB="4.0696305036544800e-01" nEv="8.2809543609619141e-01" nSuw="6.4470000000000000e+03" nBuw="6.0180000000000000e+03" nEvuw="1.2465000000000000e+04" sepI="2.4992631375789642e-01" sepG="4.3576871976256371e-03" res="-9.9000000000000000e+01" rms="4.0784826874732971e-01" nType="0" CC="2.7162974320589769e-07">
          <Node pos="l" depth="2" Seq="0" IVar="-1" Cut="1.1060743331909180e+01" cType="1" nS="8.6803823709487915e-02" nB="4.1185352951288223e-02" nEv="1.2798942625522614e-01" nSuw="1.1460000000000000e+03" nBuw="7.4000000000000000e+02" nEvuw="1.8860000000000000e+03" sepI="2.1824041008949280e-01" sepG="-1.0000000000000000e+00" res="-9.9000000000000000e+01" rms="3.9323097467422485e-01" nType="1" CC="9.8462933468434123e-08"/>
          <Node pos="r" depth="2" Seq="2" IVar="10" Cut="-7.2741562128067017e-01" cType="1" nS="3.3436840772628784e-01" nB="3.6577704548835754e-01" nEv="7.0012688636779785e-01" nSuw="5.3010000000000000e+03" nBuw="5.2780000000000000e+03" nEvuw="1.0579000000000000e+04" sepI="2.4949689209461212e-01" sepG="4.8241550102829933e-03" res="-9.9000000000000000e+01" rms="6.6479612813014141e-32" nType="0" CC="7.0858080706367233e-316">
            <Node pos="l" depth="3" Seq="2" IVar="0" Cut="1.1173367500305176e+01" cType="1" nS="3.2867988944053650e-01" nB="3.3121758699417114e-01" nEv="6.5988391637802124e-01" nSuw="5.2690000000000000e+03" nBuw="4.3910000000000000e+03" nEvuw="9.6600000000000000e+03" sepI="2.4999630451202393e-01" sepG="2.2819209843873978e-03" res="-9.9000000000000000e+01" rms="3.0792182683944702e-01" nType="0" CC="3.3784409756804193e-08">
              <Node pos="l" depth="4" Seq="2" IVar="-1" Cut="0.0000000000000000e+00" cType="1" nS="2.3815566301345825e-01" nB="2.0333296060562134e-01" nEv="4.4150033593177795e-01" nSuw="3.8800000000000000e+03" nBuw="2.1980000000000000e+03" nEvuw="6.0780000000000000e+03" sepI="2.4844466149806976e-01" sepG="-1.0000000000000000e+00" res="-9.9000000000000000e+01" rms="3.0320817232131958e-01" nType="1" CC="1.5099491341337803e-08"/>
              <Node pos="r" depth="4" Seq="10" IVar="-1" Cut="0.0000000000000000e+00" cType="1" nS="9.0517394244670868e-02" nB="1.2788441777229309e-01" nEv="2.1839956939220428e-01" nSuw="1.3890000000000000e+03" nBuw="2.1930000000000000e+03" nEvuw="3.5820000000000000e+03" sepI="2.4268180131912231e-01" sepG="-1.0000000000000000e+00" res="-9.9000000000000000e+01" rms="6.6490474380815739e-32" nType="-1" CC="1.9409380748862691e-252"/>
            </Node>
            <Node pos="r" depth="3" Seq="6" IVar="-1" Cut="3.3848726749420166e-01" cType="1" nS="5.6879669427871704e-03" nB="3.4558411687612534e-02" nEv="4.0246278047561646e-02" nSuw="3.2000000000000000e+01" nBuw="8.8700000000000000e+02" nEvuw="9.1900000000000000e+02" sepI="1.2135487049818039e-01" sepG="-1.0000000000000000e+00" res="-9.9000000000000000e+01" rms="6.6482716118100312e-32" nType="-1" CC="7.0858080706367233e-316"/>
          </Node>
        </Node>
        <Node pos="r" depth="1" Seq="1" IVar="9" Cut="1.3089042901992798e+00" cType="1" nS="1.9913563504815102e-02" nB="8.2008630037307739e-02" nEv="1.0192183405160904e-01" nSuw="6.3000000000000000e+01" nBuw="3.3560000000000000e+03" nEvuw="3.4190000000000000e+03" sepI="1.5720668435096741e-01" sepG="2.5180571246892214e-03" res="-9.9000000000000000e+01" rms="6.6511163081390211e-32" nType="0" CC="1.9510446123380247e-252">
          <Node pos="l" depth="2" Seq="1" IVar="9" Cut="1.0572065114974976e+00" cType="1" nS="1.7068762332201004e-02" nB="2.9451576992869377e-02" nEv="4.6519752591848373e-02" nSuw="5.4000000000000000e+01" nBuw="1.2100000000000000e+03" nEvuw="1.2640000000000000e+03" sepI="2.3228695988655090e-01" sepG="1.2007257901132107e-03" res="-9.9000000000000000e+01" rms="5.2445761916739114e-32" nType="0" CC="4.1405169763408103e-253">
            <Node pos="l" depth="3" Seq="1" IVar="-1" Cut="0.0000000000000000e+00" cType="1" nS="1.2327436357736588e-02" nB="1.1085935868322849e-02" nEv="2.3413475602865219e-02" nSuw="3.9000000000000000e+01" nBuw="4.5700000000000000e+02" nEvuw="4.9600000000000000e+02" sepI="2.4929708242416382e-01" sepG="-1.0000000000000000e+00" res="-9.9000000000000000e+01" rms="1.3275700621306896e-02" nType="1" CC="1.8988496569706732e-17"/>
            <Node pos="r" depth="3" Seq="5" IVar="-1" Cut="0.0000000000000000e+00" cType="1" nS="4.7413217835128307e-03" nB="1.8365344032645226e-02" nEv="2.3106759414076805e-02" nSuw="1.5000000000000000e+01" nBuw="7.5300000000000000e+02" nEvuw="7.6800000000000000e+02" sepI="1.6308872401714325e-01" sepG="-1.0000000000000000e+00" res="-9.9000000000000000e+01" rms="6.6442185072883959e-32" nType="-1" CC="7.0858080706367233e-316"/>
          </Node>
          <Node pos="r" depth="2" Seq="3" IVar="-1" Cut="1.1173498153686523e+01" cType="1" nS="2.8447932563722134e-03" nB="5.2558820694684982e-02" nEv="5.5403534322977066e-02" nSuw="9.0000000000000000e+00" nBuw="2.1460000000000000e+03" nEvuw="2.1550000000000000e+03" sepI="4.8710223287343979e-02" sepG="-1.0000000000000000e+00" res="-9.9000000000000000e+01" rms="6.7262326287591219e-44" nType="-1" CC="1.9524765232667565e-252"/>
        </Node>
      </Node>
    </BinaryTree>
    <BinaryTree type="DecisionTree" boostWeight="4.1175479669144482e-01" itree="4">
      <Node pos="s" depth="0" Seq="0" IVar="9" Cut="1.4972854852676392e+00" cType="1" nS="4.0913823246955872e-01" nB="5.2089256048202515e-01" nEv="9.3003082275390625e-01" nSuw="6.5100000000000000e+03" nBuw="9.3740000000000000e+03" nEvuw="1.5884000000000000e+04" sepI="2.4639026820659637e-01" sepG="5.3586736321449280e-03" res="-9.9000000000000000e+01" rms="1.3114776462316513e-02" nType="0" CC="0.0000000000000000e+00">
        <Node pos="l" depth="1" Seq="0" IVar="9" Cut="-1.0633309371769428e-02" cType="1" nS="4.0668442845344543e-01" nB="4.8647743463516235e-01" nEv="8.9317452907562256e-01" nSuw="6.5040000000000000e+03" nBuw="7.6490000000000000e+03" nEvuw="1.4153000000000000e+04" sepI="2.4800468981266022e-01" sepG="2.3474956396967173e-03" res="-9.9000000000000000e+01" rms="3.6707565188407898e-01" nType="0" CC="9.6658845439046930e-07">
          <Node pos="l" depth="2" Seq="0" IVar="3" Cut="2.5964362621307373e+00" cType="0" nS="1.1790455877780914e-01" nB="9.7981594502925873e-02" nEv="2.1588324010372162e-01" nSuw="3.0170000000000000e+03" nBuw="1.2620000000000000e+03" nEvuw="4.2790000000000000e+03" sepI="2.4787089228630066e-01" sepG="1.3768866192549467e-03" res="-9.9000000000000000e+01" rms="3.2730978727340698e-01" nType="0" CC="7.0281668956550116e-07">
            <Node pos="l" depth="3" Seq="0" IVar="-1" Cut="1.1271663665771484e+01" cType="1" nS="3.8272794336080551e-02" nB="1.7952835187315941e-02" nEv="5.6225322186946869e-02" nSuw="1.2030000000000000e+03" nBuw="2.8700000000000000e+02" nEvuw="1.4900000000000000e+03" sepI="2.1734745800495148e-01" sepG="-1.0000000000000000e+00" res="-9.9000000000000000e+01" rms="0.0000000000000000e+00" nType="1" CC="0.0000000000000000e+00"/>
            <Node pos="r" depth="3" Seq="4" IVar="1" Cut="1.1024148941040039e+01" cType="1" nS="7.9629525542259216e-02" nB="8.0028615891933441e-02" nEv="1.5965943038463593e-01" nSuw="1.8140000000000000e+03" nBuw="9.7500000000000000e+02" nEvuw="2.7890000000000000e+03" sepI="2.4999843537807465e-01" sepG="5.6260760175064206e-04" res="-9.9000000000000000e+01" rms="2.2160000000000000e+03" nType="0" CC="1.0000000000000000e+05">
              <Node pos="l" depth="4" Seq="4" IVar="-1" Cut="0.0000000000000000e+00" cType="1" nS="1.7079718410968781e-02" nB="1.0030586272478104e-02" nEv="2.7110304683446884e-02" nSuw="4.0600000000000000e+02" nBuw="1.1600000000000000e+02" nEvuw="5.2200000000000000e+02" sepI="2.3309782147407532e-01" sepG="-1.0000000000000000e+00" res="-9.9000000000000000e+01" rms="1.3340000000000000e+03" nType="1" CC="1.0000000000000000e+05"/>
              <Node pos="r" depth="4" Seq="12" IVar="-1" Cut="0.0000000000000000e+00" cType="1" nS="6.2548913061618805e-02" nB="6.9997906684875488e-02" nEv="1.3254910707473755e-01" nSuw="1.4080000000000000e+03" nBuw="8.5900000000000000e+02" nEvuw="2.2670000000000000e+03" sepI="2.4921041727066040e-01" sepG="-1.0000000000000000e+00" res="-9.9000000000000000e+01" rms="2.3161964416503906e+00" nType="-1" CC="1.9438018365818949e-252"/>
            </Node>
          </Node>
          <Node pos="r" depth="2" Seq="2" IVar="6" Cut="1.0454623699188232e+00" cType="0" nS="2.8879371285438538e-01" nB="3.8849934935569763e-01" nEv="6.7728883028030396e-01" nSuw="3.4870000000000000e+03" nBuw="6.3870000000000000e+03" nEvuw="9.8740000000000000e+03" sepI="2.4458216130733490e-01" sepG="2.1981631871312857e-03" res="-9.9000000000000000e+01" rms="6.6387971273424036e-32" nType="0" CC="7.0858080706367233e-316">
            <Node pos="l" depth="3" Seq="2" IVar="-1" Cut="3.0223400592803955e+00" cType="0" nS="7.1365177631378174e-02" nB="6.0201849788427353e-02" nEv="1.3156759738922119e-01" nSuw="8.7600000000000000e+02" nBuw="1.0050000000000000e+03" nEvuw="1.8810000000000000e+03" sepI="2.4820016324520111e-01" sepG="-1.0000000000000000e+00" res="-9.9000000000000000e+01" rms="0.0000000000000000e+00" nType="1" CC="0.0000000000000000e+00"/>
            <Node pos="r" depth="3" Seq="6" IVar="-1" Cut="-8.3804112672805786e-01" cType="1" nS="2.1742993593215942e-01" nB="3.2830062508583069e-01" nEv="5.4572129249572754e-01" nSuw="2.6110000000000000e+03" nBuw="5.3820000000000000e+03" nEvuw="7.9930000000000000e+03" sepI="2.3968149721622467e-01" sepG="-1.0000000000000000e+00" res="-9.9000000000000000e+01" rms="0.0000000000000000e+00" nType="-1" CC="0.0000000000000000e+00"/>
          </Node>
        </Node>
        <Node pos="r" depth="1" Seq="1" IVar="-1" Cut="1.1183098793029785e+01" cType="1" nS="2.4539378937333822e-03" nB="3.4421045333147049e-02" nEv="3.6874860525131226e-02" nSuw="6.0000000000000000e+00" nBuw="1.7250000000000000e+03" nEvuw="1.7310000000000000e+03" sepI="6.2118928879499435e-02" sepG="-1.0000000000000000e+00" res="-9.9000000000000000e+01" rms="6.6335027007863000e-32" nType="-1" CC="7.0858080706367233e-316"/>
      </Node>
    </BinaryTree>
    <BinaryTree type="DecisionTree" boostWeight="2.8445430756794138e-01" itree="5">
      <Node pos="s" depth="0" Seq="0" IVar="9" Cut="1.4972854852676392e+00" cType="1" nS="4.5971995592117310e-01" nB="4.7033077478408813e-01" nEv="9.3005073070526123e-01" nSuw="6.5100000000000000e+03" nBuw="9.3740000000000000e+03" nEvuw="1.5884000000000000e+04" sepI="2.4996745586395264e-01" sepG="5.1674158312380314e-03" res="-9.9000000000000000e+01" rms="2.9900000000000000e+02" nType="0" CC="0.0000000000000000e+00">
        <Node pos="l" depth="1" Seq="0" IVar="10" Cut="-8.6389446258544922e-01" cType="1" nS="4.5664098858833313e-01" nB="4.4172489643096924e-01" nEv="8.9838361740112305e-01" nSuw="6.5040000000000000e+03" nBuw="7.6490000000000000e+03" nEvuw="1.4153000000000000e+04" sepI="2.4993108212947845e-01" sepG="2.7095328550785780e-03" res="-9.9000000000000000e+01" rms="4.1119039058685303e-01" nType="0" CC="4.5508573853263277e-07">
          <Node pos="l" depth="2" Seq="0" IVar="10" Cut="-9.3272995948791504e-01" cType="1" nS="4.4042542576789856e-01" nB="4.0271943807601929e-01" nEv="8.4315365552902222e-01" nSuw="6.4260000000000000e+03" nBuw="6.2520000000000000e+03" nEvuw="1.2678000000000000e+04" sepI="2.4950002133846283e-01" sepG="1.9909667316824198e-03" res="-9.9000000000000000e+01" rms="1.2331426486058390e-43" nType="0" CC="1.0000000000000000e+05">
            <Node pos="l" depth="3" Seq="0" IVar="3" Cut="8.3794265985488892e-01" cType="0" nS="4.3626645207405090e-01" nB="3.8700312376022339e-01" nEv="8.2327264547348022e-01" nSuw="6.4120000000000000e+03" nBuw="5.5190000000000000e+03" nEvuw="1.1931000000000000e+04" sepI="2.4910482764244080e-01" sepG="8.6171407019719481e-04" res="-9.9000000000000000e+01" rms="4.0035551786422729e-01" nType="0" CC="2.1820281339652907e-07">
              <Node pos="l" depth="4" Seq="0" IVar="-1" Cut="0.0000000000000000e+00" cType="1" nS="3.4834170341491699e-01" nB="2.8795239329338074e-01" nEv="6.3630002737045288e-01" nSuw="5.6490000000000000e+03" nBuw="3.8950000000000000e+03" nEvuw="9.5440000000000000e+03" sepI="2.4774812161922455e-01" sepG="-1.0000000000000000e+00" res="-9.9000000000000000e+01" rms="3.9641043543815613e-01" nType="1" CC="1.8669848535396827e-07"/>
              <Node pos="r" depth="4" Seq="8" IVar="-1" Cut="0.0000000000000000e+00" cType="1" nS="8.7920889258384705e-02" nB="9.9051170051097870e-02" nEv="1.8697088956832886e-01" nSuw="7.6300000000000000e+02" nBuw="1.6240000000000000e+03" nEvuw="2.3870000000000000e+03" sepI="2.4911406636238098e-01" sepG="-1.0000000000000000e+00" res="-9.9000000000000000e+01" rms="6.6340199183006618e-32" nType="-1" CC="7.0858080706367233e-316"/>
            </Node>
            <Node pos="r" depth="3" Seq="4" IVar="-1" Cut="0.0000000000000000e+00" cType="1" nS="4.1589350439608097e-03" nB="1.5717597678303719e-02" nEv="1.9876556470990181e-02" nSuw="1.4000000000000000e+01" nBuw="7.3300000000000000e+02" nEvuw="7.4700000000000000e+02" sepI="1.6545772552490234e-01" sepG="-1.0000000000000000e+00" res="-9.9000000000000000e+01" rms="6.6336578660406085e-32" nType="-1" CC="7.0858080706367233e-316"/>
          </Node>
          <Node pos="r" depth="2" Seq="2" IVar="-1" Cut="2.3233375549316406e+00" cType="1" nS="1.6215126961469650e-02" nB="3.9005905389785767e-02" nEv="5.5220752954483032e-02" nSuw="7.8000000000000000e+01" nBuw="1.3970000000000000e+03" nEvuw="1.4750000000000000e+03" sepI="2.0741572976112366e-01" sepG="-1.0000000000000000e+00" res="-9.9000000000000000e+01" rms="6.6121228095335442e-32" nType="-1" CC="9.0712507889539565e-316"/>
        </Node>
        <Node pos="r" depth="1" Seq="1" IVar="-1" Cut="1.1183098793029785e+01" cType="1" nS="3.0790348537266254e-03" nB="2.8612155467271805e-02" nEv="3.1691182404756546e-02" nSuw="6.0000000000000000e+00" nBuw="1.7250000000000000e+03" nEvuw="1.7310000000000000e+03" sepI="8.7717868387699127e-02" sepG="-1.0000000000000000e+00" res="-9.9000000000000000e+01" rms="6.6363991188667261e-32" nType="-1" CC="1.9249873946905823e-252"/>
      </Node>
    </BinaryTree>
    <BinaryTree type="DecisionTree" boostWeight="2.3678967945757054e-01" itree="6">
      <Node pos="s" depth="0" Seq="0" IVar="9" Cut="1.4972854852676392e+00" cType="1" nS="4.3491357564926147e-01" nB="4.9512174725532532e-01" nEv="9.3003535270690918e-01" nSuw="6.5100000000000000e+03" nBuw="9.3740000000000000e+03" nEvuw="1.5884000000000000e+04" sepI="2.4895226955413818e-01" sepG="3.4659574739634991e-03" res="-9.9000000000000000e+01" rms="6.2685587246300126e-32" nType="0" CC="0.0000000000000000e+00">
        <Node pos="l" depth="1" Seq="0" IVar="10" Cut="-8.6389446258544922e-01" cType="1" nS="4.3132787942886353e-01" nB="4.7005912661552429e-01" nEv="9.0140008926391602e-01" nSuw="6.5040000000000000e+03" nBuw="7.6490000000000000e+03" nEvuw="1.4153000000000000e+04" sepI="2.4953842163085938e-01" sepG="8.4735045675188303e-04" res="-9.9000000000000000e+01" rms="3.8875845074653625e-01" nType="0" CC="7.1652459371381436e-07">
          <Node pos="l" depth="2" Seq="0" IVar="10" Cut="-9.4636702537536621e-01" cType="1" nS="4.1244527697563171e-01" nB="4.3588525056838989e-01" nEv="8.4834378957748413e-01" nSuw="6.4260000000000000e+03" nBuw="6.2520000000000000e+03" nEvuw="1.2678000000000000e+04" sepI="2.4980913102626801e-01" sepG="1.0027351090684533e-03" res="-9.9000000000000000e+01" rms="3.9177960157394409e-01" nType="0" CC="5.2911729865430681e-07">
            <Node pos="l" depth="3" Seq="0" IVar="9" Cut="6.2888157367706299e-01" cType="0" nS="4.0324980020523071e-01" nB="4.1508570313453674e-01" nEv="8.1834912300109863e-01" nSuw="6.3950000000000000e+03" nBuw="5.2600000000000000e+03" nEvuw="1.1655000000000000e+04" sepI="2.4994769692420959e-01" sepG="1.2509871739894152e-03" res="-9.9000000000000000e+01" rms="3.1270000000000000e+03" nType="0" CC="1.0000000000000000e+05">
              <Node pos="l" depth="4" Seq="0" IVar="-1" Cut="0.0000000000000000e+00" cType="1" nS="7.7169641852378845e-02" nB="5.5506683886051178e-02" nEv="1.3267593085765839e-01" nSuw="4.0500000000000000e+02" nBuw="1.5580000000000000e+03" nEvuw="1.9630000000000000e+03" sepI="2.4333517253398895e-01" sepG="-1.0000000000000000e+00" res="-9.9000000000000000e+01" rms="2.6390000000000000e+03" nType="1" CC="1.0000000000000000e+05"/>
              <Node pos="r" depth="4" Seq="8" IVar="-1" Cut="0.0000000000000000e+00" cType="1" nS="3.2608151435852051e-01" nB="3.5958090424537659e-01" nEv="6.8567001819610596e-01" nSuw="5.9900000000000000e+03" nBuw="3.7020000000000000e+03" nEvuw="9.6920000000000000e+03" sepI="2.4940325319766998e-01" sepG="-1.0000000000000000e+00" res="-9.9000000000000000e+01" rms="2.8781533241271973e-01" nType="-1" CC="2.8850814588532951e-07"/>
            </Node>
            <Node pos="r" depth="3" Seq="4" IVar="-1" Cut="1.1072253227233887e+01" cType="1" nS="9.1954721137881279e-03" nB="2.0802054554224014e-02" nEv="2.9997518286108971e-02" nSuw="3.1000000000000000e+01" nBuw="9.9200000000000000e+02" nEvuw="1.0230000000000000e+03" sepI="2.1257361769676208e-01" sepG="-1.0000000000000000e+00" res="-9.9000000000000000e+01" rms="2.9868212342262268e-01" nType="-1" CC="3.7141518180782307e-07"/>
          </Node>
          <Node pos="r" depth="2" Seq="2" IVar="8" Cut="2.3233375549316406e+00" cType="1" nS="1.8882799893617630e-02" nB="3.4177813678979874e-02" nEv="5.3060781210660934e-02" nSuw="7.8000000000000000e+01" nBuw="1.3970000000000000e+03" nEvuw="1.4750000000000000e+03" sepI="2.2922718524932861e-01" sepG="2.2621417883783579e-03" res="-9.9000000000000000e+01" rms="6.6387689154779838e-32" nType="0" CC="7.0858080706367233e-316">
            <Node pos="l" depth="3" Seq="2" IVar="-1" Cut="0.0000000000000000e+00" cType="1" nS="1.5256280079483986e-02" nB="1.2230866588652134e-02" nEv="2.7487160637974739e-02" nSuw="6.3000000000000000e+01" nBuw="4.8500000000000000e+02" nEvuw="5.4800000000000000e+02" sepI="2.4697133898735046e-01" sepG="-1.0000000000000000e+00" res="-9.9000000000000000e+01" rms="1.5344051644206047e-02" nType="1" CC="5.0786513591507436e-17"/>
            <Node pos="r" depth="3" Seq="6" IVar="-1" Cut="7.9606503248214722e-01" cType="1" nS="3.6265263333916664e-03" nB="2.1946823224425316e-02" nEv="2.5573363527655602e-02" nSuw="1.5000000000000000e+01" nBuw="9.1200000000000000e+02" nEvuw="9.2700000000000000e+02" sepI="1.2169907242059708e-01" sepG="-1.0000000000000000e+00" res="-9.9000000000000000e+01" rms="6.6391309677380371e-32" nType="-1" CC="1.9298242136852034e-252"/>
          </Node>
        </Node>
        <Node pos="r" depth="1" Seq="1" IVar="-1" Cut="1.1183098793029785e+01" cType="1" nS="3.5855923779308796e-03" nB="2.5069748982787132e-02" nEv="2.8655316680669785e-02" nSuw="6.0000000000000000e+00" nBuw="1.7250000000000000e+03" nEvuw="1.7310000000000000e+03" sepI="1.0947116464376450e-01" sepG="-1.0000000000000000e+00" res="-9.9000000000000000e+01" rms="6.6390463321447779e-32" nType="-1" CC="7.0858080706367233e-316"/>
      </Node>
    </BinaryTree>
    <BinaryTree type="DecisionTree" boostWeight="6.0541153165006489e-01" itree="7">
      <Node pos="s" depth="0" Seq="0" IVar="10" Cut="-9.8133903741836548e-01" cType="1" nS="4.7091358900070190e-01" nB="4.5913416147232056e-01" nEv="9.3004775047302246e-01" nSuw="6.5100000000000000e+03" nBuw="9.3740000000000000e+03" nEvuw="1.5884000000000000e+04" sepI="2.4995990097522736e-01" sepG="3.8380946498364210e-03" res="-9.9000000000000000e+01" rms="3.1000000000000000e+01" nType="0" CC="0.0000000000000000e+00">
        <Node pos="l" depth="1" Seq="0" IVar="0" Cut="1.1064785957336426e+01" cType="0" nS="4.0846833586692810e-01" nB="3.5277014970779419e-01" nEv="7.6123440265655518e-01" nSuw="6.2350000000000000e+03" nBuw="4.3480000000000000e+03" nEvuw="1.0583000000000000e+04" sepI="2.4866162240505219e-01" sepG="1.3315144460648298e-03" res="-9.9000000000000000e+01" rms="3.0274468660354614e-01" nType="0" CC="4.0241007913043469e-07">
          <Node pos="l" depth="2" Seq="0" IVar="1" Cut="1.1250080108642578e+01" cType="1" nS="1.5529473125934601e-01" nB="1.0594426840543747e-01" nEv="2.6123899221420288e-01" nSuw="1.6570000000000000e+03" nBuw="2.1590000000000000e+03" nEvuw="3.8160000000000000e+03" sepI="2.4107831716537476e-01" sepG="1.4596920460462570e-02" res="-9.9000000000000000e+01" rms="2.4714967608451843e-01" nType="0" CC="1.0833618057950438e-07">
